467 980
1 0
0.999909491487 0.0134539523457
0.999637982333 0.026905469297
0.999185521684 0.0403521159003
0.998552191444 0.0537914580835
0.997738106256 0.0672210630971
0.996743413485 0.0806384999537
0.995568293185 0.0940413398689
0.994212958074 0.107427156701
0.992677653491 0.120793527388
0.990962657352 0.13413803239
0.9890682801 0.147458256125
0.98699486465 0.160751787404
0.984742786326 0.174016219874
0.982312452791 0.187249152444
0.979704303978 0.20044818973
0.976918812006 0.213610942482
0.973956481097 0.226735028015
0.970817847482 0.239818070648
0.967503479309 0.252857702128
0.964013976533 0.265851562058
0.960349970815 0.27879729833
0.956512125401 0.291692567543
0.952501135008 0.304535035436
0.948317725693 0.317322377303
0.943962654723 0.330052278416
0.939436710442 0.342722434448
0.934740712121 0.355330551885
0.929875509818 0.367874348441
0.924841984215 0.380351553478
0.919641046468 0.392759908407
0.914273638033 0.405097167106
0.908740730504 0.417361096321
0.903043325431 0.429549476072
0.897182454142 0.441660100054
0.891159177553 0.453690776039
0.884974585981 0.465639326269
0.878629798941 0.477503587853
0.872125964949 0.489281413158
0.865464261309 0.500970670197
0.858645893902 0.512569243015
0.85167209697 0.524075032073
0.844544132888 0.535485954628
0.837263291939 0.546799945109
0.82983089208 0.55801495549
0.822248278701 0.569128955663
0.814516824384 0.580139933806
0.806637928654 0.591045896743
0.798613017726 0.60184487031
0.790443544245 0.612534899709
0.782130987024 0.623114049863
0.773676850779 0.633580405764
0.765082665852 0.643932072826
0.756349987936 0.654167177218
0.747480397795 0.664283866214
0.738475500976 0.674280308521
0.729336927518 0.684154694611
0.720066331659 0.693905237054
0.710665391534 0.703530170835
0.701135808874 0.713027753677
0.691479308696 0.722396266356
0.68169763899 0.731634013012
0.671792570405 0.740739321455
0.661765895927 0.749710543469
0.651619430555 0.75854605511
0.641355010972 0.767244257001
0.630974495213 0.775803574619
0.620479762327 0.784222458581
0.60987271204 0.792499384926
0.599155264409 0.80063285539
0.588329359475 0.808621397677
0.577396956909 0.816463565722
0.566360035664 0.824157939962
0.55522059361 0.831703127583
0.543980647175 0.839097762778
0.532642230982 0.846340506991
0.521207397477 0.853430049164
0.509678216559 0.860365105967
0.498056775206 0.867144422038
0.486345177097 0.873766770205
0.47454554223 0.880230951711
0.462660006542 0.886535796427
0.450690721515 0.892680163071
0.438639853794 0.898662939407
0.426509584791 0.904483042451
0.414302110292 0.910139418665
0.402019640058 0.915631044148
0.389664397424 0.920956924823
0.3772386189 0.926116096616
0.364744553763 0.931107625627
0.352184463652 0.935930608305
0.339560622157 0.940584171608
0.326875314408 0.945067473163
0.314130836662 0.949379701415
0.301329495887 0.953520075776
0.288473609342 0.957487846771
0.275565504162 0.961282296163
0.262607516935 0.964902737093
0.249601993276 0.9683485142
0.236551287407 0.971619003739
0.223457761727 0.974713613696
0.210323786388 0.977631783894
0.197151738863 0.980372986094
0.183944003516 0.982936724093
0.170702971173 0.985322533809
0.157431038686 0.987529983372
0.144130608501 0.989558673194
0.130804088221 0.991408236048
0.117453890175 0.993078337133
0.104082430975 0.994568674131
0.0906921310823 0.995878977266
0.0772854143702 0.99700900935
0.0638647076822 0.99795856583
0.0504324403948 0.998727474818
0.0369910439771 0.999315597129
0.0235429515506 0.999722826304
0.0100905974491 0.999949088626
-0.00336358322241 0.999994343138
-0.0168171550281 0.999858581649
-0.0302676826423 0.999541828733
-0.0437127312907 0.999044141729
-0.0571498671905 0.998365610726
-0.0705766579913 0.99750635855
-0.0839906732155 0.996466540739
-0.0973894846978 0.99524634552
-0.110770667025 0.993845993767
-0.124131797976 0.992265738969
-0.137470458958 0.990505867178
-0.150784235446 0.988566696961
-0.164070717421 0.986448579342
-0.177327499802 0.984151897734
-0.190552182887 0.981677067878
-0.203742372782 0.979024537758
-0.21689568184 0.976194787529
-0.230009729086 0.973188329423
-0.243082140655 0.970005707661
-0.256110550217 0.966647498351
-0.26909259941 0.963114309385
-0.282025938261 0.959406780332
-0.294908225616 0.955525582318
-0.307737129561 0.951471417905
-0.320510327845 0.947245020966
-0.333225508304 0.942847156551
-0.345880369273 0.938278620748
-0.358472620005 0.93354024054
-0.370999981091 0.928632873654
-0.383460184863 0.923557408408
-0.395850975813 0.918314763547
-0.408170110997 0.912905888079
-0.420415360442 0.907331761102
-0.432584507548 0.901593391629
-0.444675349494 0.895691818402
-0.456685697631 0.889628109706
-0.468613377881 0.883403363176
-0.480456231131 0.877018705597
-0.492212113624 0.870475292701
-0.503878897344 0.863774308956
-0.515454470404 0.856916967355
-0.52693673743 0.849904509193
-0.538323619934 0.842738203846
-0.549613056698 0.835419348535
-0.560803004142 0.827949268099
-0.571891436694 0.820329314749
-0.582876347159 0.812560867826
-0.593755747081 0.804645333553
-0.604527667104 0.796584144774
-0.615190157328 0.788378760703
-0.625741287658 0.780030666653
-0.636179148162 0.771541373773
-0.646501849409 0.762912418768
-0.656707522814 0.754145363626
-0.666794320977 0.745241795334
-0.676760418015 0.736203325589
-0.686604009896 0.727031590507
-0.69632331476 0.71772825033
-0.70591657325 0.708294989119
-0.715382048821 0.698733514456
-0.724718028062 0.689045557131
-0.733922821 0.679232870829
-0.742994761413 0.669297231813
-0.751932207124 0.659240438603
-0.760733540304 0.649064311649
-0.769397167761 0.638770693005
-0.777921521231 0.628361445989
-0.786305057661 0.617838454854
-0.794546259489 0.607203624439
-0.802643634916 0.596458879831
-0.81059571818 0.58560616601
-0.818401069818 0.574647447503
-0.826058276928 0.563584708024
-0.833565953427 0.552419950118
-0.840922740296 0.541155194795
-0.848127305831 0.529792481169
-0.855178345885 0.518333866084
-0.862074584098 0.506781423744
-0.868814772135 0.495137245338
-0.875397689905 0.483403438661
-0.88182214579 0.471582127731
-0.888086976852 0.459675452407
-0.894191049052 0.447685568
-0.900133257448 0.435614644883
-0.905912526399 0.423464868099
-0.911527809759 0.411238436964
-0.916978091066 0.39893756467
-0.922262383727 0.386564477885
-0.927379731194 0.374121416348
-0.932329207141 0.361610632466
-0.937109915628 0.349034390902
-0.941720991265 0.336394968171
-0.94616159937 0.323694652223
-0.950430936116 0.310935742032
-0.954528228682 0.298120547178
-0.958452735386 0.285251387429
-0.962203745828 0.272330592323
-0.965780581009 0.259360500743
-0.969182593462 0.246343460496
-0.972409167366 0.233281827889
-0.975459718654 0.2201779673
-0.978333695125 0.20703425075
-0.981030576541 0.193853057475
-0.98354987472 0.180636773497
-0.985891133626 0.167387791187
-0.988053929451 0.154108508837
-0.990037870694 0.140801330223
-0.991842598225 0.127468664171
-0.99346778536 0.114112924121
-0.994913137912 0.100736527689
-0.996178394246 0.0873418962299
-0.997263325331 0.0739314544008
-0.998167734775 0.0605076297197
-0.998891458865 0.0470728521274
-0.999434366594 0.0336295535475
-0.999796359686 0.0201801674458
-0.999977372616 0.00672712839018
-0.999977372616 -0.00672712839018
-0.999796359686 -0.0201801674458
-0.999434366594 -0.0336295535475
-0.998891458865 -0.0470728521274
-0.998167734775 -0.0605076297197
-0.997263325331 -0.0739314544008
-0.996178394246 -0.0873418962299
-0.994913137912 -0.100736527689
-0.99346778536 -0.114112924121
-0.991842598225 -0.127468664171
-0.990037870694 -0.140801330223
-0.988053929451 -0.154108508837
-0.985891133626 -0.167387791187
-0.98354987472 -0.180636773497
-0.981030576541 -0.193853057475
-0.978333695125 -0.20703425075
-0.975459718654 -0.2201779673
-0.972409167366 -0.233281827889
-0.969182593462 -0.246343460496
-0.965780581009 -0.259360500743
-0.962203745828 -0.272330592323
-0.958452735386 -0.285251387429
-0.954528228682 -0.298120547178
-0.950430936116 -0.310935742032
-0.94616159937 -0.323694652223
-0.941720991265 -0.336394968171
-0.937109915628 -0.349034390902
-0.932329207141 -0.361610632466
-0.927379731194 -0.374121416348
-0.922262383727 -0.386564477885
-0.916978091066 -0.39893756467
-0.911527809759 -0.411238436964
-0.905912526399 -0.423464868099
-0.900133257448 -0.435614644883
-0.894191049052 -0.447685568
-0.888086976852 -0.459675452407
-0.88182214579 -0.471582127731
-0.875397689905 -0.483403438661
-0.868814772135 -0.495137245338
-0.862074584098 -0.506781423744
-0.855178345885 -0.518333866084
-0.848127305831 -0.529792481169
-0.840922740296 -0.541155194795
-0.833565953427 -0.552419950118
-0.826058276928 -0.563584708024
-0.818401069818 -0.574647447503
-0.81059571818 -0.58560616601
-0.802643634916 -0.596458879831
-0.794546259489 -0.607203624439
-0.786305057661 -0.617838454854
-0.777921521231 -0.628361445989
-0.769397167761 -0.638770693005
-0.760733540304 -0.649064311649
-0.751932207124 -0.659240438603
-0.742994761413 -0.669297231813
-0.733922821 -0.679232870829
-0.724718028062 -0.689045557131
-0.715382048821 -0.698733514456
-0.70591657325 -0.708294989119
-0.69632331476 -0.71772825033
-0.686604009896 -0.727031590507
-0.676760418015 -0.736203325589
-0.666794320977 -0.745241795334
-0.656707522814 -0.754145363626
-0.646501849409 -0.762912418768
-0.636179148162 -0.771541373773
-0.625741287658 -0.780030666653
-0.615190157328 -0.788378760703
-0.604527667104 -0.796584144774
-0.593755747081 -0.804645333553
-0.582876347159 -0.812560867826
-0.571891436694 -0.820329314749
-0.560803004142 -0.827949268099
-0.549613056698 -0.835419348535
-0.538323619934 -0.842738203846
-0.52693673743 -0.849904509193
-0.515454470404 -0.856916967355
-0.503878897344 -0.863774308956
-0.492212113624 -0.870475292701
-0.480456231131 -0.877018705597
-0.468613377881 -0.883403363176
-0.456685697631 -0.889628109706
-0.444675349494 -0.895691818402
-0.432584507548 -0.901593391629
-0.420415360442 -0.907331761102
-0.408170110997 -0.912905888079
-0.395850975813 -0.918314763547
-0.383460184863 -0.923557408408
-0.370999981091 -0.928632873654
-0.358472620005 -0.93354024054
-0.345880369273 -0.938278620748
-0.333225508304 -0.942847156551
-0.320510327845 -0.947245020966
-0.307737129561 -0.951471417905
-0.294908225616 -0.955525582318
-0.282025938261 -0.959406780332
-0.26909259941 -0.963114309385
-0.256110550217 -0.966647498351
-0.243082140655 -0.970005707661
-0.230009729086 -0.973188329423
-0.21689568184 -0.976194787529
-0.203742372782 -0.979024537758
-0.190552182887 -0.981677067878
-0.177327499802 -0.984151897734
-0.164070717421 -0.986448579342
-0.150784235446 -0.988566696961
-0.137470458958 -0.990505867178
-0.124131797976 -0.992265738969
-0.110770667025 -0.993845993767
-0.0973894846978 -0.99524634552
-0.0839906732155 -0.996466540739
-0.0705766579913 -0.99750635855
-0.0571498671905 -0.998365610726
-0.0437127312907 -0.999044141729
-0.0302676826423 -0.999541828733
-0.0168171550281 -0.999858581649
-0.00336358322242 -0.999994343138
0.0100905974491 -0.999949088626
0.0235429515506 -0.999722826304
0.0369910439771 -0.999315597129
0.0504324403948 -0.998727474818
0.0638647076822 -0.99795856583
0.0772854143702 -0.99700900935
0.0906921310823 -0.995878977266
0.104082430975 -0.994568674131
0.117453890175 -0.993078337133
0.130804088221 -0.991408236048
0.144130608501 -0.989558673194
0.157431038686 -0.987529983372
0.170702971173 -0.985322533809
0.183944003516 -0.982936724093
0.197151738863 -0.980372986094
0.210323786388 -0.977631783894
0.223457761727 -0.974713613696
0.236551287407 -0.971619003739
0.249601993276 -0.9683485142
0.262607516935 -0.964902737093
0.275565504162 -0.961282296163
0.288473609342 -0.957487846771
0.301329495887 -0.953520075776
0.314130836662 -0.949379701415
0.326875314408 -0.945067473163
0.339560622157 -0.940584171608
0.352184463652 -0.935930608305
0.364744553763 -0.931107625627
0.3772386189 -0.926116096616
0.389664397424 -0.920956924823
0.402019640058 -0.915631044148
0.414302110292 -0.910139418665
0.426509584791 -0.904483042451
0.438639853794 -0.898662939407
0.450690721515 -0.892680163071
0.462660006542 -0.886535796427
0.47454554223 -0.880230951711
0.486345177097 -0.873766770205
0.498056775206 -0.867144422038
0.509678216559 -0.860365105967
0.521207397477 -0.853430049164
0.532642230982 -0.846340506991
0.543980647175 -0.839097762778
0.55522059361 -0.831703127583
0.566360035664 -0.824157939962
0.577396956909 -0.816463565722
0.588329359475 -0.808621397677
0.599155264409 -0.80063285539
0.60987271204 -0.792499384926
0.620479762327 -0.784222458581
0.630974495213 -0.775803574619
0.641355010972 -0.767244257001
0.651619430555 -0.75854605511
0.661765895927 -0.749710543469
0.671792570405 -0.740739321455
0.68169763899 -0.731634013012
0.691479308696 -0.722396266356
0.701135808874 -0.713027753677
0.710665391534 -0.703530170835
0.720066331659 -0.693905237054
0.729336927518 -0.684154694611
0.738475500976 -0.674280308521
0.747480397795 -0.664283866214
0.756349987936 -0.654167177218
0.765082665852 -0.643932072826
0.773676850779 -0.633580405764
0.782130987024 -0.623114049863
0.790443544245 -0.612534899709
0.798613017726 -0.60184487031
0.806637928654 -0.591045896743
0.814516824384 -0.580139933806
0.822248278701 -0.569128955663
0.82983089208 -0.55801495549
0.837263291939 -0.546799945109
0.844544132888 -0.535485954628
0.85167209697 -0.524075032073
0.858645893902 -0.512569243015
0.865464261309 -0.500970670197
0.872125964949 -0.489281413158
0.878629798941 -0.477503587853
0.884974585981 -0.465639326269
0.891159177553 -0.453690776039
0.897182454142 -0.441660100054
0.903043325431 -0.429549476072
0.908740730504 -0.417361096321
0.914273638033 -0.405097167106
0.919641046468 -0.392759908407
0.924841984215 -0.380351553478
0.929875509818 -0.367874348441
0.934740712121 -0.355330551885
0.939436710442 -0.342722434448
0.943962654723 -0.330052278416
0.948317725693 -0.317322377303
0.952501135008 -0.304535035436
0.956512125401 -0.291692567543
0.960349970815 -0.27879729833
0.964013976533 -0.265851562058
0.967503479309 -0.252857702128
0.970817847482 -0.239818070648
0.973956481097 -0.226735028015
0.976918812006 -0.213610942482
0.979704303978 -0.20044818973
0.982312452791 -0.187249152444
0.984742786326 -0.174016219874
0.98699486465 -0.160751787404
0.9890682801 -0.147458256125
0.990962657352 -0.13413803239
0.992677653491 -0.120793527388
0.994212958074 -0.107427156701
0.995568293185 -0.0940413398689
0.996743413485 -0.0806384999537
0.997738106256 -0.0672210630971
0.998552191444 -0.0537914580835
0.999185521684 -0.0403521159003
0.999637982333 -0.026905469297
0.999909491487 -0.0134539523457
0 230 1 1
1 230 1 1
2 7 1 1
2 8 1 1
2 9 1 1
2 11 1 1
2 36 1 1
2 39 1 1
2 230 1 1
3 230 1 1
4 230 1 1
5 230 1 1
6 229 1 1
6 230 1 1
7 11 1 1
7 17 1 1
7 18 1 1
7 230 1 1
8 17 1 1
8 18 1 1
8 19 1 1
8 20 1 1
8 39 1 1
9 17 1 1
9 39 1 1
9 229 1 1
9 230 1 1
10 230 1 1
11 13 1 1
11 17 1 1
11 20 1 1
11 39 1 1
11 44 1 1
11 229 1 1
11 230 1 1
12 40 1 1
12 41 1 1
13 39 1 1
13 41 1 1
13 42 1 1
13 229 1 1
13 230 1 1
14 229 1 1
14 230 1 1
15 229 1 1
16 229 1 1
17 32 1 1
17 34 1 1
17 36 1 1
17 39 1 1
17 230 1 1
18 39 1 1
20 36 1 1
20 39 1 1
21 22 1 1
22 23 1 1
22 25 1 1
22 230 1 1
23 230 1 1
24 53 1 1
24 229 1 1
24 230 1 1
25 220 1 1
25 229 1 1
25 230 1 1
25 231 1 1
26 79 1 1
26 230 1 1
27 28 1 1
27 29 1 1
27 30 1 1
27 32 1 1
27 53 1 1
27 229 1 1
27 230 1 1
28 78 1 1
28 229 1 1
28 230 1 1
29 30 1 1
29 230 1 1
30 32 1 1
30 34 1 1
30 36 1 1
30 39 1 1
30 230 1 1
31 36 1 1
32 36 1 1
32 39 1 1
32 229 1 1
32 230 1 1
33 45 1 1
34 45 1 1
34 229 1 1
34 230 1 1
35 36 1 1
35 39 1 1
36 229 1 1
36 230 1 1
37 45 1 1
38 44 1 1
39 44 1 1
39 229 1 1
39 230 1 1
40 230 1 1
41 230 1 1
42 44 1 1
42 230 1 1
43 44 1 1
44 47 1 1
44 48 1 1
44 230 1 1
45 48 1 1
45 50 1 1
45 52 1 1
45 53 1 1
45 230 1 1
46 48 1 1
46 52 1 1
48 49 1 1
48 50 1 1
49 52 1 1
49 54 1 1
50 52 1 1
50 53 1 1
50 54 1 1
50 55 1 1
50 56 1 1
50 59 1 1
50 229 1 1
51 54 1 1
51 58 1 1
53 55 1 1
53 59 1 1
53 78 1 1
53 229 1 1
53 230 1 1
54 55 1 1
55 58 1 1
55 59 1 1
56 58 1 1
56 59 1 1
56 60 1 1
56 64 1 1
56 65 1 1
57 58 1 1
59 65 1 1
59 229 1 1
61 64 1 1
62 64 1 1
62 65 1 1
62 76 1 1
62 229 1 1
63 64 1 1
63 65 1 1
63 68 1 1
65 76 1 1
65 77 1 1
65 92 1 1
65 229 1 1
65 230 1 1
66 76 1 1
66 230 1 1
67 70 1 1
69 71 1 1
70 71 1 1
70 72 1 1
72 99 1 1
73 75 1 1
73 76 1 1
73 229 1 1
73 230 1 1
74 75 1 1
74 76 1 1
74 77 1 1
74 229 1 1
74 230 1 1
75 230 1 1
76 79 1 1
76 84 1 1
76 85 1 1
76 113 1 1
76 219 1 1
76 220 1 1
76 229 1 1
76 230 1 1
76 231 1 1
77 79 1 1
77 220 1 1
77 229 1 1
77 230 1 1
78 79 1 1
78 229 1 1
78 230 1 1
79 92 1 1
79 229 1 1
79 230 1 1
80 81 1 1
80 83 1 1
80 230 1 1
82 83 1 1
82 84 1 1
82 85 1 1
82 86 1 1
82 229 1 1
82 230 1 1
83 92 1 1
83 126 1 1
83 219 1 1
83 229 1 1
83 230 1 1
83 231 1 1
84 91 1 1
84 92 1 1
84 213 1 1
84 214 1 1
84 230 1 1
85 87 1 1
85 92 1 1
85 230 1 1
86 87 1 1
86 92 1 1
86 229 1 1
86 230 1 1
87 219 1 1
87 230 1 1
88 230 1 1
89 93 1 1
89 230 1 1
90 92 1 1
90 138 1 1
90 228 1 1
90 229 1 1
90 230 1 1
90 231 1 1
91 230 1 1
92 94 1 1
92 100 1 1
92 102 1 1
92 103 1 1
92 116 1 1
92 141 1 1
92 143 1 1
92 228 1 1
92 229 1 1
92 230 1 1
92 231 1 1
94 101 1 1
94 102 1 1
94 103 1 1
94 230 1 1
95 97 1 1
95 99 1 1
95 101 1 1
96 102 1 1
97 99 1 1
97 102 1 1
98 99 1 1
100 143 1 1
103 133 1 1
103 134 1 1
103 138 1 1
103 143 1 1
104 229 1 1
104 230 1 1
104 232 1 1
105 229 1 1
105 230 1 1
106 229 1 1
106 230 1 1
106 460 1 1
107 229 1 1
107 230 1 1
108 229 1 1
108 460 1 1
109 229 1 1
110 229 1 1
111 229 1 1
112 229 1 1
113 229 1 1
114 229 1 1
114 230 1 1
115 229 1 1
116 229 1 1
116 230 1 1
116 231 1 1
117 229 1 1
117 230 1 1
118 229 1 1
119 229 1 1
120 229 1 1
121 138 1 1
121 228 1 1
121 229 1 1
121 230 1 1
122 229 1 1
123 233 1 1
124 233 1 1
125 163 1 1
125 233 1 1
126 127 1 1
128 230 1 1
129 230 1 1
130 230 1 1
131 230 1 1
132 230 1 1
135 137 1 1
135 140 1 1
135 230 1 1
136 230 1 1
137 141 1 1
138 139 1 1
138 229 1 1
138 230 1 1
139 230 1 1
140 141 1 1
140 142 1 1
140 153 1 1
140 228 1 1
140 229 1 1
140 230 1 1
140 233 1 1
141 168 1 1
141 212 1 1
141 230 1 1
142 145 1 1
142 146 1 1
142 149 1 1
142 167 1 1
142 168 1 1
144 167 1 1
144 168 1 1
144 169 1 1
145 167 1 1
145 168 1 1
146 165 1 1
146 167 1 1
147 167 1 1
148 166 1 1
149 165 1 1
149 166 1 1
149 167 1 1
150 161 1 1
150 162 1 1
150 165 1 1
151 152 1 1
151 171 1 1
152 161 1 1
153 155 1 1
154 160 1 1
155 206 1 1
155 216 1 1
155 233 1 1
156 233 1 1
157 187 1 1
157 216 1 1
157 233 1 1
158 160 1 1
158 178 1 1
158 184 1 1
158 233 1 1
159 178 1 1
162 178 1 1
163 233 1 1
164 233 1 1
165 167 1 1
166 167 1 1
170 177 1 1
170 178 1 1
171 173 1 1
171 176 1 1
172 174 1 1
172 176 1 1
174 175 1 1
174 176 1 1
174 180 1 1
175 176 1 1
177 178 1 1
178 182 1 1
178 184 1 1
178 185 1 1
178 186 1 1
179 185 1 1
181 185 1 1
182 185 1 1
182 186 1 1
182 187 1 1
183 185 1 1
183 186 1 1
188 233 1 1
189 224 1 1
190 233 1 1
191 233 1 1
192 233 1 1
193 224 1 1
193 234 1 1
194 201 1 1
195 201 1 1
196 201 1 1
196 202 1 1
196 204 1 1
197 200 1 1
198 199 1 1
198 200 1 1
198 204 1 1
198 205 1 1
199 233 1 1
201 203 1 1
201 233 1 1
204 233 1 1
205 233 1 1
206 208 1 1
206 210 1 1
206 216 1 1
206 233 1 1
207 216 1 1
207 233 1 1
208 233 1 1
209 233 1 1
210 233 1 1
211 224 1 1
212 228 1 1
212 229 1 1
212 230 1 1
213 220 1 1
213 230 1 1
214 220 1 1
214 230 1 1
215 230 1 1
216 228 1 1
216 230 1 1
216 233 1 1
216 234 1 1
217 233 1 1
218 230 1 1
219 230 1 1
220 230 1 1
221 230 1 1
222 230 1 1
223 230 1 1
223 234 1 1
224 225 1 1
224 233 1 1
224 234 1 1
225 230 1 1
225 233 1 1
225 234 1 1
226 230 1 1
226 234 1 1
227 230 1 1
227 234 1 1
228 229 1 1
228 230 1 1
228 231 1 1
228 232 1 1
228 233 1 1
228 234 1 1
228 459 1 1
228 460 1 1
228 466 1 1
229 230 1 1
229 231 1 1
229 232 1 1
229 233 1 1
229 234 1 1
229 345 1 1
229 351 1 1
229 459 1 1
229 460 1 1
229 463 1 1
229 466 1 1
230 231 1 1
230 232 1 1
230 233 1 1
230 234 1 1
231 232 1 1
231 233 1 1
231 234 1 1
232 233 1 1
232 466 1 1
233 234 1 1
233 466 1 1
235 240 1 1
235 461 1 1
236 461 1 1
237 460 1 1
237 461 1 1
238 461 1 1
239 460 1 1
239 461 1 1
239 463 1 1
240 461 1 1
241 461 1 1
242 244 1 1
242 245 1 1
242 246 1 1
242 272 1 1
242 273 1 1
242 461 1 1
243 244 1 1
244 245 1 1
244 246 1 1
244 251 1 1
244 252 1 1
244 253 1 1
244 271 1 1
244 272 1 1
244 461 1 1
245 252 1 1
245 271 1 1
245 461 1 1
246 248 1 1
246 252 1 1
246 460 1 1
246 461 1 1
247 273 1 1
247 275 1 1
247 276 1 1
247 461 1 1
248 273 1 1
248 274 1 1
248 275 1 1
248 460 1 1
248 461 1 1
249 460 1 1
249 461 1 1
250 460 1 1
252 253 1 1
252 270 1 1
252 272 1 1
252 273 1 1
252 461 1 1
253 255 1 1
253 256 1 1
253 257 1 1
253 258 1 1
253 264 1 1
253 266 1 1
253 270 1 1
253 272 1 1
253 461 1 1
254 255 1 1
254 259 1 1
254 260 1 1
255 259 1 1
258 460 1 1
258 461 1 1
259 455 1 1
259 461 1 1
261 338 1 1
262 266 1 1
262 312 1 1
263 266 1 1
263 460 1 1
263 461 1 1
264 266 1 1
264 267 1 1
264 270 1 1
264 460 1 1
264 461 1 1
265 266 1 1
266 267 1 1
266 270 1 1
266 289 1 1
266 290 1 1
266 311 1 1
266 455 1 1
266 460 1 1
266 461 1 1
267 270 1 1
267 272 1 1
268 270 1 1
268 272 1 1
269 281 1 1
270 460 1 1
270 461 1 1
271 272 1 1
271 273 1 1
272 460 1 1
272 461 1 1
273 460 1 1
273 461 1 1
274 461 1 1
275 277 1 1
275 461 1 1
276 277 1 1
277 278 1 1
277 279 1 1
277 280 1 1
277 281 1 1
277 461 1 1
279 281 1 1
280 281 1 1
280 283 1 1
280 284 1 1
280 288 1 1
281 282 1 1
281 284 1 1
281 288 1 1
281 289 1 1
281 290 1 1
281 461 1 1
282 284 1 1
282 286 1 1
282 288 1 1
282 289 1 1
282 290 1 1
282 293 1 1
283 284 1 1
283 285 1 1
283 288 1 1
283 289 1 1
285 288 1 1
285 291 1 1
286 288 1 1
286 289 1 1
286 290 1 1
286 291 1 1
286 293 1 1
286 295 1 1
287 291 1 1
287 292 1 1
287 297 1 1
289 460 1 1
289 461 1 1
290 293 1 1
290 313 1 1
290 352 1 1
290 460 1 1
290 461 1 1
292 297 1 1
292 301 1 1
293 294 1 1
293 295 1 1
293 297 1 1
293 298 1 1
293 299 1 1
293 300 1 1
293 301 1 1
293 359 1 1
294 295 1 1
294 305 1 1
294 306 1 1
294 307 1 1
294 308 1 1
294 461 1 1
295 299 1 1
295 300 1 1
295 301 1 1
295 304 1 1
295 305 1 1
296 301 1 1
299 313 1 1
299 354 1 1
299 460 1 1
299 461 1 1
302 308 1 1
303 307 1 1
303 308 1 1
303 309 1 1
305 313 1 1
305 314 1 1
305 460 1 1
305 461 1 1
309 310 1 1
311 312 1 1
311 313 1 1
311 315 1 1
311 460 1 1
311 461 1 1
313 317 1 1
313 352 1 1
313 354 1 1
313 454 1 1
313 460 1 1
313 461 1 1
313 462 1 1
314 317 1 1
314 318 1 1
314 330 1 1
314 449 1 1
314 460 1 1
314 461 1 1
315 316 1 1
315 317 1 1
315 460 1 1
315 461 1 1
317 318 1 1
317 328 1 1
317 460 1 1
317 461 1 1
318 331 1 1
318 334 1 1
318 460 1 1
318 461 1 1
319 341 1 1
319 342 1 1
320 341 1 1
321 323 1 1
321 324 1 1
321 340 1 1
321 341 1 1
321 342 1 1
321 343 1 1
322 459 1 1
322 461 1 1
323 330 1 1
323 342 1 1
323 461 1 1
324 326 1 1
324 330 1 1
324 331 1 1
324 342 1 1
324 343 1 1
324 344 1 1
324 359 1 1
324 369 1 1
324 380 1 1
324 383 1 1
324 459 1 1
324 460 1 1
324 461 1 1
324 462 1 1
325 327 1 1
326 330 1 1
326 369 1 1
326 378 1 1
326 445 1 1
326 459 1 1
326 460 1 1
326 461 1 1
326 462 1 1
327 461 1 1
328 330 1 1
328 331 1 1
328 448 1 1
328 449 1 1
328 459 1 1
328 460 1 1
328 461 1 1
328 462 1 1
329 461 1 1
330 335 1 1
330 381 1 1
330 445 1 1
330 448 1 1
330 459 1 1
330 460 1 1
330 461 1 1
330 462 1 1
331 335 1 1
331 459 1 1
331 460 1 1
331 461 1 1
332 461 1 1
333 335 1 1
333 338 1 1
333 449 1 1
333 460 1 1
333 461 1 1
334 461 1 1
335 369 1 1
335 460 1 1
335 461 1 1
335 462 1 1
336 338 1 1
337 370 1 1
337 372 1 1
338 370 1 1
339 341 1 1
344 380 1 1
345 460 1 1
345 461 1 1
345 463 1 1
346 460 1 1
346 461 1 1
347 460 1 1
347 461 1 1
348 351 1 1
348 352 1 1
348 460 1 1
348 461 1 1
349 460 1 1
349 461 1 1
350 460 1 1
350 461 1 1
351 460 1 1
352 460 1 1
352 461 1 1
353 460 1 1
354 359 1 1
354 460 1 1
354 461 1 1
355 460 1 1
356 359 1 1
356 460 1 1
356 461 1 1
357 460 1 1
358 460 1 1
359 459 1 1
359 460 1 1
359 461 1 1
359 462 1 1
360 380 1 1
360 459 1 1
360 460 1 1
361 459 1 1
361 460 1 1
362 460 1 1
363 459 1 1
364 382 1 1
365 366 1 1
365 367 1 1
365 459 1 1
365 464 1 1
366 403 1 1
366 407 1 1
366 459 1 1
366 464 1 1
367 407 1 1
367 464 1 1
368 378 1 1
368 459 1 1
368 461 1 1
369 378 1 1
369 459 1 1
369 460 1 1
369 461 1 1
370 449 1 1
370 461 1 1
371 372 1 1
372 374 1 1
372 377 1 1
373 377 1 1
375 382 1 1
376 379 1 1
376 382 1 1
377 445 1 1
377 460 1 1
378 444 1 1
378 461 1 1
380 461 1 1
381 444 1 1
381 459 1 1
381 461 1 1
382 389 1 1
382 390 1 1
382 402 1 1
382 403 1 1
382 405 1 1
382 439 1 1
382 444 1 1
382 461 1 1
383 402 1 1
384 402 1 1
385 402 1 1
386 402 1 1
387 401 1 1
387 402 1 1
387 403 1 1
388 401 1 1
389 403 1 1
389 405 1 1
390 400 1 1
390 405 1 1
391 409 1 1
391 410 1 1
391 412 1 1
392 395 1 1
392 408 1 1
392 412 1 1
392 414 1 1
393 394 1 1
393 395 1 1
393 400 1 1
394 399 1 1
394 400 1 1
396 464 1 1
397 426 1 1
397 439 1 1
397 447 1 1
397 464 1 1
398 400 1 1
399 400 1 1
400 439 1 1
403 405 1 1
403 406 1 1
403 407 1 1
404 405 1 1
407 464 1 1
408 415 1 1
408 464 1 1
411 413 1 1
411 414 1 1
412 414 1 1
412 415 1 1
412 425 1 1
414 415 1 1
414 420 1 1
414 421 1 1
414 425 1 1
415 425 1 1
416 423 1 1
416 426 1 1
417 425 1 1
418 425 1 1
419 425 1 1
422 423 1 1
424 425 1 1
426 436 1 1
426 438 1 1
426 464 1 1
427 464 1 1
428 464 1 1
429 464 1 1
430 464 1 1
431 464 1 1
432 465 1 1
433 465 1 1
434 465 1 1
435 451 1 1
435 464 1 1
435 465 1 1
436 438 1 1
437 464 1 1
438 447 1 1
438 464 1 1
439 464 1 1
440 442 1 1
440 447 1 1
440 464 1 1
441 464 1 1
442 464 1 1
443 459 1 1
444 459 1 1
444 461 1 1
445 461 1 1
446 459 1 1
446 461 1 1
447 459 1 1
447 464 1 1
447 465 1 1
448 461 1 1
449 461 1 1
450 464 1 1
450 465 1 1
451 464 1 1
451 465 1 1
452 461 1 1
452 465 1 1
453 461 1 1
454 461 1 1
455 460 1 1
455 461 1 1
456 461 1 1
457 461 1 1
457 465 1 1
458 461 1 1
458 465 1 1
459 460 1 1
459 461 1 1
459 462 1 1
459 463 1 1
459 464 1 1
459 465 1 1
459 466 1 1
460 461 1 1
460 462 1 1
460 463 1 1
460 464 1 1
461 462 1 1
461 463 1 1
461 464 1 1
461 465 1 1
462 463 1 1
462 464 1 1
462 465 1 1
463 464 1 1
463 466 1 1
464 465 1 1
464 466 1 1
