83 1130
79 81 1 8
79 76 1 8
79 80 1 8
79 78 1 8
79 77 1 8
79 75 1 8
79 53 1 8
79 49 1 8
79 74 1 8
79 55 1 8
79 41 1 8
79 44 1 8
79 46 1 8
79 45 1 8
79 54 1 8
79 52 1 8
79 47 1 8
79 48 1 8
79 82 1 8
79 38 1 8
79 40 1 8
79 35 1 8
79 39 1 8
79 37 1 8
79 36 1 8
79 34 1 8
79 13 1 8
79 11 1 8
81 76 1 8
81 80 1 8
81 78 1 8
81 77 1 8
81 75 1 8
81 71 1 8
81 49 1 8
81 67 1 8
81 65 1 8
81 59 1 8
81 69 1 8
81 74 1 8
81 63 1 8
81 41 1 8
81 64 1 8
81 44 1 8
81 70 1 8
81 66 1 8
81 50 1 8
81 58 1 8
81 72 1 8
81 57 1 8
81 68 1 8
81 73 1 8
81 82 1 8
81 38 1 8
76 80 1 8
76 78 1 8
76 77 1 8
76 75 1 8
76 53 1 8
76 49 1 8
76 43 1 8
76 59 1 8
76 74 1 8
76 55 1 8
76 41 1 8
76 44 1 8
76 51 1 8
76 46 1 8
76 42 1 8
76 45 1 8
76 56 1 8
76 54 1 8
76 50 1 8
76 60 1 8
76 52 1 8
76 47 1 8
76 48 1 8
76 58 1 8
76 72 1 8
76 57 1 8
76 73 1 8
76 82 1 8
76 38 1 8
76 35 1 8
76 39 1 8
76 37 1 8
76 36 1 8
76 34 1 8
76 12 1 8
76 8 1 8
76 33 1 8
76 14 1 8
76 0 1 8
76 5 1 8
76 4 1 8
76 13 1 8
76 11 1 8
76 6 1 8
76 16 1 8
80 78 1 8
80 77 1 8
80 75 1 8
80 71 1 8
80 53 1 8
80 49 1 8
80 61 1 8
80 67 1 8
80 65 1 8
80 59 1 8
80 69 1 8
80 74 1 8
80 55 1 8
80 63 1 8
80 41 1 8
80 64 1 8
80 44 1 8
80 70 1 8
80 66 1 8
80 46 1 8
80 45 1 8
80 62 1 8
80 56 1 8
80 54 1 8
80 50 1 8
80 60 1 8
80 52 1 8
80 47 1 8
80 58 1 8
80 72 1 8
80 57 1 8
80 68 1 8
80 73 1 8
80 82 1 8
80 38 1 8
80 35 1 8
80 39 1 8
80 37 1 8
80 34 1 8
80 14 1 8
80 16 1 8
78 77 1 8
78 75 1 8
78 71 1 8
78 53 1 8
78 49 1 8
78 59 1 8
78 74 1 8
78 55 1 8
78 41 1 8
78 44 1 8
78 51 1 8
78 46 1 8
78 45 1 8
78 56 1 8
78 54 1 8
78 50 1 8
78 60 1 8
78 52 1 8
78 47 1 8
78 48 1 8
78 58 1 8
78 72 1 8
78 57 1 8
78 73 1 8
78 82 1 8
78 38 1 8
78 40 1 8
78 35 1 8
78 39 1 8
78 37 1 8
78 36 1 8
78 34 1 8
77 75 1 8
77 71 1 8
77 53 1 8
77 49 1 8
77 67 1 8
77 43 1 8
77 65 1 8
77 59 1 8
77 69 1 8
77 74 1 8
77 55 1 8
77 63 1 8
77 41 1 8
77 64 1 8
77 44 1 8
77 70 1 8
77 51 1 8
77 66 1 8
77 46 1 8
77 42 1 8
77 45 1 8
77 62 1 8
77 56 1 8
77 54 1 8
77 50 1 8
77 60 1 8
77 52 1 8
77 47 1 8
77 48 1 8
77 58 1 8
77 72 1 8
77 57 1 8
77 68 1 8
77 73 1 8
77 82 1 8
77 35 1 8
77 36 1 8
77 34 1 8
77 12 1 8
77 11 1 8
75 71 1 8
75 53 1 8
75 49 1 8
75 65 1 8
75 59 1 8
75 69 1 8
75 74 1 8
75 55 1 8
75 63 1 8
75 41 1 8
75 64 1 8
75 44 1 8
75 70 1 8
75 51 1 8
75 66 1 8
75 46 1 8
75 45 1 8
75 62 1 8
75 56 1 8
75 54 1 8
75 50 1 8
75 60 1 8
75 52 1 8
75 47 1 8
75 48 1 8
75 58 1 8
75 72 1 8
75 57 1 8
75 73 1 8
75 82 1 8
75 38 1 8
75 40 1 8
75 35 1 8
75 39 1 8
75 37 1 8
75 36 1 8
75 34 1 8
75 12 1 8
75 33 1 8
75 14 1 8
75 13 1 8
75 16 1 8
71 49 1 8
71 67 1 8
71 65 1 8
71 59 1 8
71 69 1 8
71 74 1 8
71 55 1 8
71 63 1 8
71 64 1 8
71 70 1 8
71 66 1 8
71 62 1 8
71 50 1 8
71 60 1 8
71 58 1 8
71 72 1 8
71 57 1 8
71 68 1 8
71 73 1 8
53 49 1 8
53 74 1 8
53 55 1 8
53 41 1 8
53 44 1 8
53 51 1 8
53 46 1 8
53 45 1 8
53 56 1 8
53 54 1 8
53 50 1 8
53 60 1 8
53 52 1 8
53 47 1 8
53 48 1 8
53 58 1 8
53 57 1 8
53 35 1 8
53 12 1 8
53 11 1 8
49 65 1 8
49 59 1 8
49 74 1 8
49 55 1 8
49 63 1 8
49 41 1 8
49 64 1 8
49 44 1 8
49 51 1 8
49 66 1 8
49 46 1 8
49 42 1 8
49 45 1 8
49 62 1 8
49 56 1 8
49 54 1 8
49 50 1 8
49 60 1 8
49 52 1 8
49 47 1 8
49 48 1 8
49 58 1 8
49 72 1 8
49 57 1 8
49 35 1 8
49 12 1 8
61 65 1 8
61 59 1 8
61 55 1 8
61 63 1 8
61 64 1 8
61 62 1 8
61 60 1 8
61 58 1 8
67 65 1 8
67 59 1 8
67 69 1 8
67 74 1 8
67 63 1 8
67 70 1 8
67 66 1 8
67 72 1 8
67 68 1 8
43 41 1 8
43 44 1 8
43 45 1 8
43 52 1 8
43 47 1 8
43 48 1 8
65 59 1 8
65 69 1 8
65 74 1 8
65 55 1 8
65 63 1 8
65 64 1 8
65 70 1 8
65 66 1 8
65 62 1 8
65 56 1 8
65 50 1 8
65 60 1 8
65 58 1 8
65 72 1 8
65 57 1 8
65 68 1 8
65 73 1 8
59 69 1 8
59 74 1 8
59 55 1 8
59 63 1 8
59 64 1 8
59 70 1 8
59 51 1 8
59 66 1 8
59 46 1 8
59 62 1 8
59 56 1 8
59 54 1 8
59 50 1 8
59 60 1 8
59 47 1 8
59 58 1 8
59 72 1 8
59 57 1 8
59 68 1 8
59 73 1 8
69 74 1 8
69 55 1 8
69 63 1 8
69 64 1 8
69 70 1 8
69 66 1 8
69 62 1 8
69 60 1 8
69 58 1 8
69 72 1 8
69 57 1 8
69 68 1 8
69 73 1 8
74 55 1 8
74 63 1 8
74 41 1 8
74 64 1 8
74 44 1 8
74 70 1 8
74 51 1 8
74 66 1 8
74 46 1 8
74 42 1 8
74 45 1 8
74 62 1 8
74 56 1 8
74 54 1 8
74 50 1 8
74 60 1 8
74 52 1 8
74 47 1 8
74 48 1 8
74 58 1 8
74 72 1 8
74 57 1 8
74 68 1 8
74 73 1 8
74 82 1 8
74 35 1 8
74 39 1 8
74 34 1 8
74 11 1 8
55 63 1 8
55 41 1 8
55 64 1 8
55 44 1 8
55 51 1 8
55 66 1 8
55 46 1 8
55 45 1 8
55 62 1 8
55 56 1 8
55 54 1 8
55 50 1 8
55 60 1 8
55 52 1 8
55 48 1 8
55 58 1 8
55 72 1 8
55 57 1 8
55 82 1 8
55 35 1 8
55 39 1 8
55 34 1 8
55 33 1 8
55 14 1 8
55 16 1 8
63 64 1 8
63 70 1 8
63 66 1 8
63 62 1 8
63 56 1 8
63 50 1 8
63 60 1 8
63 58 1 8
63 72 1 8
63 57 1 8
63 68 1 8
63 73 1 8
41 44 1 8
41 51 1 8
41 46 1 8
41 42 1 8
41 45 1 8
41 56 1 8
41 54 1 8
41 50 1 8
41 60 1 8
41 52 1 8
41 47 1 8
41 48 1 8
41 58 1 8
41 72 1 8
41 57 1 8
41 35 1 8
41 11 1 8
64 70 1 8
64 66 1 8
64 46 1 8
64 45 1 8
64 62 1 8
64 56 1 8
64 50 1 8
64 60 1 8
64 47 1 8
64 58 1 8
64 72 1 8
64 57 1 8
64 73 1 8
44 51 1 8
44 46 1 8
44 42 1 8
44 45 1 8
44 54 1 8
44 50 1 8
44 60 1 8
44 52 1 8
44 47 1 8
44 48 1 8
44 58 1 8
44 82 1 8
44 38 1 8
44 34 1 8
70 66 1 8
70 62 1 8
70 60 1 8
70 72 1 8
70 68 1 8
70 73 1 8
51 46 1 8
51 56 1 8
51 54 1 8
51 50 1 8
51 60 1 8
51 52 1 8
51 47 1 8
51 48 1 8
51 58 1 8
51 57 1 8
66 62 1 8
66 56 1 8
66 50 1 8
66 60 1 8
66 58 1 8
66 72 1 8
66 57 1 8
66 68 1 8
66 82 1 8
46 42 1 8
46 45 1 8
46 56 1 8
46 54 1 8
46 50 1 8
46 60 1 8
46 52 1 8
46 47 1 8
46 48 1 8
46 58 1 8
46 72 1 8
46 57 1 8
46 73 1 8
46 35 1 8
42 45 1 8
42 50 1 8
42 52 1 8
42 47 1 8
42 48 1 8
42 58 1 8
42 57 1 8
45 56 1 8
45 50 1 8
45 60 1 8
45 52 1 8
45 47 1 8
45 48 1 8
45 58 1 8
45 72 1 8
45 57 1 8
45 35 1 8
62 56 1 8
62 50 1 8
62 60 1 8
62 58 1 8
62 72 1 8
62 57 1 8
62 73 1 8
56 54 1 8
56 50 1 8
56 60 1 8
56 47 1 8
56 48 1 8
56 58 1 8
56 72 1 8
56 57 1 8
56 73 1 8
54 50 1 8
54 60 1 8
54 52 1 8
54 47 1 8
54 48 1 8
54 58 1 8
54 72 1 8
54 57 1 8
54 38 1 8
54 35 1 8
54 34 1 8
54 12 1 8
54 14 1 8
54 13 1 8
54 11 1 8
50 60 1 8
50 52 1 8
50 47 1 8
50 48 1 8
50 58 1 8
50 72 1 8
50 57 1 8
50 73 1 8
60 52 1 8
60 47 1 8
60 48 1 8
60 58 1 8
60 72 1 8
60 57 1 8
60 73 1 8
52 47 1 8
52 48 1 8
52 58 1 8
52 38 1 8
52 35 1 8
52 36 1 8
52 12 1 8
52 11 1 8
47 48 1 8
47 58 1 8
47 72 1 8
47 57 1 8
47 35 1 8
48 58 1 8
48 57 1 8
58 72 1 8
58 57 1 8
58 73 1 8
72 57 1 8
72 68 1 8
72 73 1 8
72 82 1 8
57 73 1 8
68 73 1 8
73 82 1 8
82 38 1 8
82 40 1 8
82 35 1 8
82 39 1 8
82 37 1 8
82 36 1 8
82 34 1 8
82 33 1 8
82 31 1 8
82 16 1 8
82 32 1 8
38 40 1 8
38 35 1 8
38 39 1 8
38 37 1 8
38 36 1 8
38 34 1 8
38 12 1 8
38 33 1 8
38 14 1 8
38 0 1 8
38 3 1 8
38 25 1 8
38 4 1 8
38 13 1 8
38 11 1 8
38 6 1 8
38 7 1 8
40 35 1 8
40 39 1 8
40 37 1 8
40 36 1 8
40 34 1 8
40 30 1 8
40 8 1 8
40 26 1 8
40 24 1 8
40 18 1 8
40 28 1 8
40 33 1 8
40 22 1 8
40 0 1 8
40 23 1 8
40 29 1 8
40 25 1 8
40 5 1 8
40 15 1 8
40 13 1 8
40 9 1 8
40 31 1 8
40 16 1 8
40 27 1 8
40 32 1 8
35 39 1 8
35 37 1 8
35 36 1 8
35 34 1 8
35 30 1 8
35 12 1 8
35 8 1 8
35 2 1 8
35 18 1 8
35 33 1 8
35 14 1 8
35 0 1 8
35 3 1 8
35 10 1 8
35 25 1 8
35 5 1 8
35 1 1 8
35 4 1 8
35 15 1 8
35 13 1 8
35 9 1 8
35 19 1 8
35 11 1 8
35 6 1 8
35 7 1 8
35 17 1 8
35 31 1 8
35 16 1 8
35 32 1 8
39 37 1 8
39 36 1 8
39 34 1 8
39 30 1 8
39 12 1 8
39 8 1 8
39 26 1 8
39 24 1 8
39 18 1 8
39 28 1 8
39 33 1 8
39 14 1 8
39 22 1 8
39 23 1 8
39 3 1 8
39 29 1 8
39 10 1 8
39 25 1 8
39 5 1 8
39 4 1 8
39 21 1 8
39 15 1 8
39 13 1 8
39 9 1 8
39 19 1 8
39 11 1 8
39 7 1 8
39 17 1 8
39 31 1 8
39 16 1 8
39 27 1 8
39 32 1 8
37 36 1 8
37 34 1 8
37 30 1 8
37 12 1 8
37 8 1 8
37 18 1 8
37 33 1 8
37 14 1 8
37 0 1 8
37 3 1 8
37 10 1 8
37 25 1 8
37 5 1 8
37 4 1 8
37 15 1 8
37 13 1 8
37 9 1 8
37 19 1 8
37 11 1 8
37 6 1 8
37 7 1 8
37 17 1 8
37 31 1 8
37 16 1 8
37 32 1 8
36 34 1 8
36 30 1 8
36 12 1 8
36 8 1 8
36 2 1 8
36 24 1 8
36 18 1 8
36 28 1 8
36 33 1 8
36 14 1 8
36 22 1 8
36 0 1 8
36 23 1 8
36 3 1 8
36 29 1 8
36 10 1 8
36 25 1 8
36 5 1 8
36 1 1 8
36 4 1 8
36 21 1 8
36 15 1 8
36 13 1 8
36 9 1 8
36 19 1 8
36 11 1 8
36 6 1 8
36 7 1 8
36 17 1 8
36 31 1 8
36 16 1 8
36 27 1 8
36 32 1 8
34 30 1 8
34 12 1 8
34 8 1 8
34 18 1 8
34 28 1 8
34 33 1 8
34 14 1 8
34 0 1 8
34 23 1 8
34 29 1 8
34 10 1 8
34 25 1 8
34 5 1 8
34 4 1 8
34 15 1 8
34 13 1 8
34 9 1 8
34 19 1 8
34 11 1 8
34 7 1 8
34 17 1 8
34 31 1 8
34 16 1 8
34 32 1 8
30 24 1 8
30 18 1 8
30 28 1 8
30 33 1 8
30 14 1 8
30 22 1 8
30 23 1 8
30 29 1 8
30 10 1 8
30 25 1 8
30 21 1 8
30 15 1 8
30 13 1 8
30 19 1 8
30 17 1 8
30 31 1 8
30 16 1 8
30 27 1 8
30 32 1 8
12 8 1 8
12 33 1 8
12 14 1 8
12 0 1 8
12 3 1 8
12 10 1 8
12 5 1 8
12 4 1 8
12 13 1 8
12 9 1 8
12 19 1 8
12 11 1 8
12 6 1 8
12 7 1 8
12 17 1 8
8 24 1 8
8 18 1 8
8 33 1 8
8 14 1 8
8 0 1 8
8 23 1 8
8 3 1 8
8 10 1 8
8 5 1 8
8 1 1 8
8 4 1 8
8 15 1 8
8 13 1 8
8 9 1 8
8 19 1 8
8 11 1 8
8 6 1 8
8 7 1 8
8 17 1 8
8 16 1 8
20 24 1 8
20 18 1 8
20 22 1 8
20 23 1 8
20 21 1 8
20 19 1 8
20 17 1 8
26 24 1 8
26 18 1 8
26 28 1 8
26 33 1 8
26 29 1 8
26 25 1 8
26 31 1 8
26 27 1 8
2 0 1 8
2 3 1 8
2 6 1 8
2 7 1 8
24 18 1 8
24 28 1 8
24 33 1 8
24 22 1 8
24 23 1 8
24 29 1 8
24 25 1 8
24 21 1 8
24 15 1 8
24 9 1 8
24 19 1 8
24 17 1 8
24 31 1 8
24 16 1 8
24 27 1 8
24 32 1 8
18 28 1 8
18 33 1 8
18 14 1 8
18 22 1 8
18 23 1 8
18 29 1 8
18 10 1 8
18 25 1 8
18 5 1 8
18 4 1 8
18 21 1 8
18 15 1 8
18 13 1 8
18 9 1 8
18 19 1 8
18 6 1 8
18 17 1 8
18 31 1 8
18 16 1 8
18 27 1 8
18 32 1 8
28 33 1 8
28 22 1 8
28 23 1 8
28 29 1 8
28 25 1 8
28 21 1 8
28 19 1 8
28 17 1 8
28 31 1 8
28 27 1 8
28 32 1 8
33 14 1 8
33 22 1 8
33 0 1 8
33 23 1 8
33 3 1 8
33 29 1 8
33 10 1 8
33 25 1 8
33 5 1 8
33 1 1 8
33 4 1 8
33 21 1 8
33 15 1 8
33 13 1 8
33 9 1 8
33 19 1 8
33 11 1 8
33 6 1 8
33 7 1 8
33 17 1 8
33 31 1 8
33 16 1 8
33 27 1 8
33 32 1 8
14 22 1 8
14 23 1 8
14 10 1 8
14 25 1 8
14 5 1 8
14 21 1 8
14 15 1 8
14 13 1 8
14 9 1 8
14 19 1 8
14 11 1 8
14 7 1 8
14 17 1 8
14 31 1 8
14 16 1 8
14 32 1 8
22 23 1 8
22 29 1 8
22 25 1 8
22 21 1 8
22 9 1 8
22 19 1 8
22 17 1 8
22 31 1 8
22 16 1 8
22 32 1 8
0 3 1 8
0 10 1 8
0 5 1 8
0 1 1 8
0 4 1 8
0 13 1 8
0 9 1 8
0 19 1 8
0 11 1 8
0 6 1 8
0 7 1 8
0 17 1 8
0 16 1 8
23 29 1 8
23 25 1 8
23 5 1 8
23 4 1 8
23 21 1 8
23 15 1 8
23 9 1 8
23 19 1 8
23 6 1 8
23 17 1 8
23 31 1 8
23 16 1 8
23 32 1 8
3 10 1 8
3 5 1 8
3 1 1 8
3 4 1 8
3 13 1 8
3 9 1 8
3 11 1 8
3 6 1 8
3 7 1 8
3 17 1 8
29 25 1 8
29 21 1 8
29 19 1 8
29 17 1 8
29 31 1 8
29 16 1 8
29 27 1 8
29 32 1 8
10 5 1 8
10 4 1 8
10 15 1 8
10 13 1 8
10 9 1 8
10 19 1 8
10 11 1 8
10 6 1 8
10 7 1 8
10 17 1 8
10 31 1 8
10 16 1 8
25 21 1 8
25 19 1 8
25 17 1 8
25 31 1 8
25 16 1 8
5 1 1 8
5 4 1 8
5 15 1 8
5 13 1 8
5 9 1 8
5 19 1 8
5 11 1 8
5 6 1 8
5 7 1 8
5 17 1 8
5 16 1 8
1 4 1 8
1 6 1 8
1 7 1 8
1 17 1 8
4 15 1 8
4 13 1 8
4 9 1 8
4 19 1 8
4 11 1 8
4 6 1 8
4 7 1 8
4 17 1 8
4 16 1 8
21 9 1 8
21 19 1 8
21 17 1 8
21 31 1 8
21 16 1 8
21 32 1 8
15 13 1 8
15 9 1 8
15 19 1 8
15 11 1 8
15 6 1 8
15 7 1 8
15 17 1 8
15 16 1 8
13 9 1 8
13 19 1 8
13 11 1 8
13 6 1 8
13 7 1 8
13 17 1 8
13 16 1 8
9 19 1 8
9 11 1 8
9 6 1 8
9 7 1 8
9 17 1 8
9 16 1 8
19 11 1 8
19 6 1 8
19 7 1 8
19 17 1 8
19 31 1 8
19 16 1 8
19 32 1 8
11 6 1 8
11 7 1 8
11 17 1 8
6 7 1 8
6 17 1 8
6 16 1 8
7 17 1 8
7 16 1 8
17 31 1 8
17 16 1 8
17 32 1 8
31 16 1 8
31 27 1 8
31 32 1 8
16 32 1 8
