83 1130
79 81 1 1
79 76 1 1
79 80 1 1
79 78 1 1
79 77 1 1
79 75 1 1
79 53 1 1
79 49 1 1
79 74 1 1
79 55 1 1
79 41 1 1
79 44 1 1
79 46 1 1
79 45 1 1
79 54 1 1
79 52 1 1
79 47 1 1
79 48 1 1
79 82 1 1
79 38 1 1
79 40 1 1
79 35 1 1
79 39 1 1
79 37 1 1
79 36 1 1
79 34 1 1
79 13 1 1
79 11 1 1
81 76 1 1
81 80 1 1
81 78 1 1
81 77 1 1
81 75 1 1
81 71 1 1
81 49 1 1
81 67 1 1
81 65 1 1
81 59 1 1
81 69 1 1
81 74 1 1
81 63 1 1
81 41 1 1
81 64 1 1
81 44 1 1
81 70 1 1
81 66 1 1
81 50 1 1
81 58 1 1
81 72 1 1
81 57 1 1
81 68 1 1
81 73 1 1
81 82 1 1
81 38 1 1
76 80 1 1
76 78 1 1
76 77 1 1
76 75 1 1
76 53 1 1
76 49 1 1
76 43 1 1
76 59 1 1
76 74 1 1
76 55 1 1
76 41 1 1
76 44 1 1
76 51 1 1
76 46 1 1
76 42 1 1
76 45 1 1
76 56 1 1
76 54 1 1
76 50 1 1
76 60 1 1
76 52 1 1
76 47 1 1
76 48 1 1
76 58 1 1
76 72 1 1
76 57 1 1
76 73 1 1
76 82 1 1
76 38 1 1
76 35 1 1
76 39 1 1
76 37 1 1
76 36 1 1
76 34 1 1
76 12 1 1
76 8 1 1
76 33 1 1
76 14 1 1
76 0 1 1
76 5 1 1
76 4 1 1
76 13 1 1
76 11 1 1
76 6 1 1
76 16 1 1
80 78 1 1
80 77 1 1
80 75 1 1
80 71 1 1
80 53 1 1
80 49 1 1
80 61 1 1
80 67 1 1
80 65 1 1
80 59 1 1
80 69 1 1
80 74 1 1
80 55 1 1
80 63 1 1
80 41 1 1
80 64 1 1
80 44 1 1
80 70 1 1
80 66 1 1
80 46 1 1
80 45 1 1
80 62 1 1
80 56 1 1
80 54 1 1
80 50 1 1
80 60 1 1
80 52 1 1
80 47 1 1
80 58 1 1
80 72 1 1
80 57 1 1
80 68 1 1
80 73 1 1
80 82 1 1
80 38 1 1
80 35 1 1
80 39 1 1
80 37 1 1
80 34 1 1
80 14 1 1
80 16 1 1
78 77 1 1
78 75 1 1
78 71 1 1
78 53 1 1
78 49 1 1
78 59 1 1
78 74 1 1
78 55 1 1
78 41 1 1
78 44 1 1
78 51 1 1
78 46 1 1
78 45 1 1
78 56 1 1
78 54 1 1
78 50 1 1
78 60 1 1
78 52 1 1
78 47 1 1
78 48 1 1
78 58 1 1
78 72 1 1
78 57 1 1
78 73 1 1
78 82 1 1
78 38 1 1
78 40 1 1
78 35 1 1
78 39 1 1
78 37 1 1
78 36 1 1
78 34 1 1
77 75 1 1
77 71 1 1
77 53 1 1
77 49 1 1
77 67 1 1
77 43 1 1
77 65 1 1
77 59 1 1
77 69 1 1
77 74 1 1
77 55 1 1
77 63 1 1
77 41 1 1
77 64 1 1
77 44 1 1
77 70 1 1
77 51 1 1
77 66 1 1
77 46 1 1
77 42 1 1
77 45 1 1
77 62 1 1
77 56 1 1
77 54 1 1
77 50 1 1
77 60 1 1
77 52 1 1
77 47 1 1
77 48 1 1
77 58 1 1
77 72 1 1
77 57 1 1
77 68 1 1
77 73 1 1
77 82 1 1
77 35 1 1
77 36 1 1
77 34 1 1
77 12 1 1
77 11 1 1
75 71 1 1
75 53 1 1
75 49 1 1
75 65 1 1
75 59 1 1
75 69 1 1
75 74 1 1
75 55 1 1
75 63 1 1
75 41 1 1
75 64 1 1
75 44 1 1
75 70 1 1
75 51 1 1
75 66 1 1
75 46 1 1
75 45 1 1
75 62 1 1
75 56 1 1
75 54 1 1
75 50 1 1
75 60 1 1
75 52 1 1
75 47 1 1
75 48 1 1
75 58 1 1
75 72 1 1
75 57 1 1
75 73 1 1
75 82 1 1
75 38 1 1
75 40 1 1
75 35 1 1
75 39 1 1
75 37 1 1
75 36 1 1
75 34 1 1
75 12 1 1
75 33 1 1
75 14 1 1
75 13 1 1
75 16 1 1
71 49 1 1
71 67 1 1
71 65 1 1
71 59 1 1
71 69 1 1
71 74 1 1
71 55 1 1
71 63 1 1
71 64 1 1
71 70 1 1
71 66 1 1
71 62 1 1
71 50 1 1
71 60 1 1
71 58 1 1
71 72 1 1
71 57 1 1
71 68 1 1
71 73 1 1
53 49 1 1
53 74 1 1
53 55 1 1
53 41 1 1
53 44 1 1
53 51 1 1
53 46 1 1
53 45 1 1
53 56 1 1
53 54 1 1
53 50 1 1
53 60 1 1
53 52 1 1
53 47 1 1
53 48 1 1
53 58 1 1
53 57 1 1
53 35 1 1
53 12 1 1
53 11 1 1
49 65 1 1
49 59 1 1
49 74 1 1
49 55 1 1
49 63 1 1
49 41 1 1
49 64 1 1
49 44 1 1
49 51 1 1
49 66 1 1
49 46 1 1
49 42 1 1
49 45 1 1
49 62 1 1
49 56 1 1
49 54 1 1
49 50 1 1
49 60 1 1
49 52 1 1
49 47 1 1
49 48 1 1
49 58 1 1
49 72 1 1
49 57 1 1
49 35 1 1
49 12 1 1
61 65 1 1
61 59 1 1
61 55 1 1
61 63 1 1
61 64 1 1
61 62 1 1
61 60 1 1
61 58 1 1
67 65 1 1
67 59 1 1
67 69 1 1
67 74 1 1
67 63 1 1
67 70 1 1
67 66 1 1
67 72 1 1
67 68 1 1
43 41 1 1
43 44 1 1
43 45 1 1
43 52 1 1
43 47 1 1
43 48 1 1
65 59 1 1
65 69 1 1
65 74 1 1
65 55 1 1
65 63 1 1
65 64 1 1
65 70 1 1
65 66 1 1
65 62 1 1
65 56 1 1
65 50 1 1
65 60 1 1
65 58 1 1
65 72 1 1
65 57 1 1
65 68 1 1
65 73 1 1
59 69 1 1
59 74 1 1
59 55 1 1
59 63 1 1
59 64 1 1
59 70 1 1
59 51 1 1
59 66 1 1
59 46 1 1
59 62 1 1
59 56 1 1
59 54 1 1
59 50 1 1
59 60 1 1
59 47 1 1
59 58 1 1
59 72 1 1
59 57 1 1
59 68 1 1
59 73 1 1
69 74 1 1
69 55 1 1
69 63 1 1
69 64 1 1
69 70 1 1
69 66 1 1
69 62 1 1
69 60 1 1
69 58 1 1
69 72 1 1
69 57 1 1
69 68 1 1
69 73 1 1
74 55 1 1
74 63 1 1
74 41 1 1
74 64 1 1
74 44 1 1
74 70 1 1
74 51 1 1
74 66 1 1
74 46 1 1
74 42 1 1
74 45 1 1
74 62 1 1
74 56 1 1
74 54 1 1
74 50 1 1
74 60 1 1
74 52 1 1
74 47 1 1
74 48 1 1
74 58 1 1
74 72 1 1
74 57 1 1
74 68 1 1
74 73 1 1
74 82 1 1
74 35 1 1
74 39 1 1
74 34 1 1
74 11 1 1
55 63 1 1
55 41 1 1
55 64 1 1
55 44 1 1
55 51 1 1
55 66 1 1
55 46 1 1
55 45 1 1
55 62 1 1
55 56 1 1
55 54 1 1
55 50 1 1
55 60 1 1
55 52 1 1
55 48 1 1
55 58 1 1
55 72 1 1
55 57 1 1
55 82 1 1
55 35 1 1
55 39 1 1
55 34 1 1
55 33 1 1
55 14 1 1
55 16 1 1
63 64 1 1
63 70 1 1
63 66 1 1
63 62 1 1
63 56 1 1
63 50 1 1
63 60 1 1
63 58 1 1
63 72 1 1
63 57 1 1
63 68 1 1
63 73 1 1
41 44 1 1
41 51 1 1
41 46 1 1
41 42 1 1
41 45 1 1
41 56 1 1
41 54 1 1
41 50 1 1
41 60 1 1
41 52 1 1
41 47 1 1
41 48 1 1
41 58 1 1
41 72 1 1
41 57 1 1
41 35 1 1
41 11 1 1
64 70 1 1
64 66 1 1
64 46 1 1
64 45 1 1
64 62 1 1
64 56 1 1
64 50 1 1
64 60 1 1
64 47 1 1
64 58 1 1
64 72 1 1
64 57 1 1
64 73 1 1
44 51 1 1
44 46 1 1
44 42 1 1
44 45 1 1
44 54 1 1
44 50 1 1
44 60 1 1
44 52 1 1
44 47 1 1
44 48 1 1
44 58 1 1
44 82 1 1
44 38 1 1
44 34 1 1
70 66 1 1
70 62 1 1
70 60 1 1
70 72 1 1
70 68 1 1
70 73 1 1
51 46 1 1
51 56 1 1
51 54 1 1
51 50 1 1
51 60 1 1
51 52 1 1
51 47 1 1
51 48 1 1
51 58 1 1
51 57 1 1
66 62 1 1
66 56 1 1
66 50 1 1
66 60 1 1
66 58 1 1
66 72 1 1
66 57 1 1
66 68 1 1
66 82 1 1
46 42 1 1
46 45 1 1
46 56 1 1
46 54 1 1
46 50 1 1
46 60 1 1
46 52 1 1
46 47 1 1
46 48 1 1
46 58 1 1
46 72 1 1
46 57 1 1
46 73 1 1
46 35 1 1
42 45 1 1
42 50 1 1
42 52 1 1
42 47 1 1
42 48 1 1
42 58 1 1
42 57 1 1
45 56 1 1
45 50 1 1
45 60 1 1
45 52 1 1
45 47 1 1
45 48 1 1
45 58 1 1
45 72 1 1
45 57 1 1
45 35 1 1
62 56 1 1
62 50 1 1
62 60 1 1
62 58 1 1
62 72 1 1
62 57 1 1
62 73 1 1
56 54 1 1
56 50 1 1
56 60 1 1
56 47 1 1
56 48 1 1
56 58 1 1
56 72 1 1
56 57 1 1
56 73 1 1
54 50 1 1
54 60 1 1
54 52 1 1
54 47 1 1
54 48 1 1
54 58 1 1
54 72 1 1
54 57 1 1
54 38 1 1
54 35 1 1
54 34 1 1
54 12 1 1
54 14 1 1
54 13 1 1
54 11 1 1
50 60 1 1
50 52 1 1
50 47 1 1
50 48 1 1
50 58 1 1
50 72 1 1
50 57 1 1
50 73 1 1
60 52 1 1
60 47 1 1
60 48 1 1
60 58 1 1
60 72 1 1
60 57 1 1
60 73 1 1
52 47 1 1
52 48 1 1
52 58 1 1
52 38 1 1
52 35 1 1
52 36 1 1
52 12 1 1
52 11 1 1
47 48 1 1
47 58 1 1
47 72 1 1
47 57 1 1
47 35 1 1
48 58 1 1
48 57 1 1
58 72 1 1
58 57 1 1
58 73 1 1
72 57 1 1
72 68 1 1
72 73 1 1
72 82 1 1
57 73 1 1
68 73 1 1
73 82 1 1
82 38 1 1
82 40 1 1
82 35 1 1
82 39 1 1
82 37 1 1
82 36 1 1
82 34 1 1
82 33 1 1
82 31 1 1
82 16 1 1
82 32 1 1
38 40 1 1
38 35 1 1
38 39 1 1
38 37 1 1
38 36 1 1
38 34 1 1
38 12 1 1
38 33 1 1
38 14 1 1
38 0 1 1
38 3 1 1
38 25 1 1
38 4 1 1
38 13 1 1
38 11 1 1
38 6 1 1
38 7 1 1
40 35 1 1
40 39 1 1
40 37 1 1
40 36 1 1
40 34 1 1
40 30 1 1
40 8 1 1
40 26 1 1
40 24 1 1
40 18 1 1
40 28 1 1
40 33 1 1
40 22 1 1
40 0 1 1
40 23 1 1
40 29 1 1
40 25 1 1
40 5 1 1
40 15 1 1
40 13 1 1
40 9 1 1
40 31 1 1
40 16 1 1
40 27 1 1
40 32 1 1
35 39 1 1
35 37 1 1
35 36 1 1
35 34 1 1
35 30 1 1
35 12 1 1
35 8 1 1
35 2 1 1
35 18 1 1
35 33 1 1
35 14 1 1
35 0 1 1
35 3 1 1
35 10 1 1
35 25 1 1
35 5 1 1
35 1 1 1
35 4 1 1
35 15 1 1
35 13 1 1
35 9 1 1
35 19 1 1
35 11 1 1
35 6 1 1
35 7 1 1
35 17 1 1
35 31 1 1
35 16 1 1
35 32 1 1
39 37 1 1
39 36 1 1
39 34 1 1
39 30 1 1
39 12 1 1
39 8 1 1
39 26 1 1
39 24 1 1
39 18 1 1
39 28 1 1
39 33 1 1
39 14 1 1
39 22 1 1
39 23 1 1
39 3 1 1
39 29 1 1
39 10 1 1
39 25 1 1
39 5 1 1
39 4 1 1
39 21 1 1
39 15 1 1
39 13 1 1
39 9 1 1
39 19 1 1
39 11 1 1
39 7 1 1
39 17 1 1
39 31 1 1
39 16 1 1
39 27 1 1
39 32 1 1
37 36 1 1
37 34 1 1
37 30 1 1
37 12 1 1
37 8 1 1
37 18 1 1
37 33 1 1
37 14 1 1
37 0 1 1
37 3 1 1
37 10 1 1
37 25 1 1
37 5 1 1
37 4 1 1
37 15 1 1
37 13 1 1
37 9 1 1
37 19 1 1
37 11 1 1
37 6 1 1
37 7 1 1
37 17 1 1
37 31 1 1
37 16 1 1
37 32 1 1
36 34 1 1
36 30 1 1
36 12 1 1
36 8 1 1
36 2 1 1
36 24 1 1
36 18 1 1
36 28 1 1
36 33 1 1
36 14 1 1
36 22 1 1
36 0 1 1
36 23 1 1
36 3 1 1
36 29 1 1
36 10 1 1
36 25 1 1
36 5 1 1
36 1 1 1
36 4 1 1
36 21 1 1
36 15 1 1
36 13 1 1
36 9 1 1
36 19 1 1
36 11 1 1
36 6 1 1
36 7 1 1
36 17 1 1
36 31 1 1
36 16 1 1
36 27 1 1
36 32 1 1
34 30 1 1
34 12 1 1
34 8 1 1
34 18 1 1
34 28 1 1
34 33 1 1
34 14 1 1
34 0 1 1
34 23 1 1
34 29 1 1
34 10 1 1
34 25 1 1
34 5 1 1
34 4 1 1
34 15 1 1
34 13 1 1
34 9 1 1
34 19 1 1
34 11 1 1
34 7 1 1
34 17 1 1
34 31 1 1
34 16 1 1
34 32 1 1
30 24 1 1
30 18 1 1
30 28 1 1
30 33 1 1
30 14 1 1
30 22 1 1
30 23 1 1
30 29 1 1
30 10 1 1
30 25 1 1
30 21 1 1
30 15 1 1
30 13 1 1
30 19 1 1
30 17 1 1
30 31 1 1
30 16 1 1
30 27 1 1
30 32 1 1
12 8 1 1
12 33 1 1
12 14 1 1
12 0 1 1
12 3 1 1
12 10 1 1
12 5 1 1
12 4 1 1
12 13 1 1
12 9 1 1
12 19 1 1
12 11 1 1
12 6 1 1
12 7 1 1
12 17 1 1
8 24 1 1
8 18 1 1
8 33 1 1
8 14 1 1
8 0 1 1
8 23 1 1
8 3 1 1
8 10 1 1
8 5 1 1
8 1 1 1
8 4 1 1
8 15 1 1
8 13 1 1
8 9 1 1
8 19 1 1
8 11 1 1
8 6 1 1
8 7 1 1
8 17 1 1
8 16 1 1
20 24 1 1
20 18 1 1
20 22 1 1
20 23 1 1
20 21 1 1
20 19 1 1
20 17 1 1
26 24 1 1
26 18 1 1
26 28 1 1
26 33 1 1
26 29 1 1
26 25 1 1
26 31 1 1
26 27 1 1
2 0 1 1
2 3 1 1
2 6 1 1
2 7 1 1
24 18 1 1
24 28 1 1
24 33 1 1
24 22 1 1
24 23 1 1
24 29 1 1
24 25 1 1
24 21 1 1
24 15 1 1
24 9 1 1
24 19 1 1
24 17 1 1
24 31 1 1
24 16 1 1
24 27 1 1
24 32 1 1
18 28 1 1
18 33 1 1
18 14 1 1
18 22 1 1
18 23 1 1
18 29 1 1
18 10 1 1
18 25 1 1
18 5 1 1
18 4 1 1
18 21 1 1
18 15 1 1
18 13 1 1
18 9 1 1
18 19 1 1
18 6 1 1
18 17 1 1
18 31 1 1
18 16 1 1
18 27 1 1
18 32 1 1
28 33 1 1
28 22 1 1
28 23 1 1
28 29 1 1
28 25 1 1
28 21 1 1
28 19 1 1
28 17 1 1
28 31 1 1
28 27 1 1
28 32 1 1
33 14 1 1
33 22 1 1
33 0 1 1
33 23 1 1
33 3 1 1
33 29 1 1
33 10 1 1
33 25 1 1
33 5 1 1
33 1 1 1
33 4 1 1
33 21 1 1
33 15 1 1
33 13 1 1
33 9 1 1
33 19 1 1
33 11 1 1
33 6 1 1
33 7 1 1
33 17 1 1
33 31 1 1
33 16 1 1
33 27 1 1
33 32 1 1
14 22 1 1
14 23 1 1
14 10 1 1
14 25 1 1
14 5 1 1
14 21 1 1
14 15 1 1
14 13 1 1
14 9 1 1
14 19 1 1
14 11 1 1
14 7 1 1
14 17 1 1
14 31 1 1
14 16 1 1
14 32 1 1
22 23 1 1
22 29 1 1
22 25 1 1
22 21 1 1
22 9 1 1
22 19 1 1
22 17 1 1
22 31 1 1
22 16 1 1
22 32 1 1
0 3 1 1
0 10 1 1
0 5 1 1
0 1 1 1
0 4 1 1
0 13 1 1
0 9 1 1
0 19 1 1
0 11 1 1
0 6 1 1
0 7 1 1
0 17 1 1
0 16 1 1
23 29 1 1
23 25 1 1
23 5 1 1
23 4 1 1
23 21 1 1
23 15 1 1
23 9 1 1
23 19 1 1
23 6 1 1
23 17 1 1
23 31 1 1
23 16 1 1
23 32 1 1
3 10 1 1
3 5 1 1
3 1 1 1
3 4 1 1
3 13 1 1
3 9 1 1
3 11 1 1
3 6 1 1
3 7 1 1
3 17 1 1
29 25 1 1
29 21 1 1
29 19 1 1
29 17 1 1
29 31 1 1
29 16 1 1
29 27 1 1
29 32 1 1
10 5 1 1
10 4 1 1
10 15 1 1
10 13 1 1
10 9 1 1
10 19 1 1
10 11 1 1
10 6 1 1
10 7 1 1
10 17 1 1
10 31 1 1
10 16 1 1
25 21 1 1
25 19 1 1
25 17 1 1
25 31 1 1
25 16 1 1
5 1 1 1
5 4 1 1
5 15 1 1
5 13 1 1
5 9 1 1
5 19 1 1
5 11 1 1
5 6 1 1
5 7 1 1
5 17 1 1
5 16 1 1
1 4 1 1
1 6 1 1
1 7 1 1
1 17 1 1
4 15 1 1
4 13 1 1
4 9 1 1
4 19 1 1
4 11 1 1
4 6 1 1
4 7 1 1
4 17 1 1
4 16 1 1
21 9 1 1
21 19 1 1
21 17 1 1
21 31 1 1
21 16 1 1
21 32 1 1
15 13 1 1
15 9 1 1
15 19 1 1
15 11 1 1
15 6 1 1
15 7 1 1
15 17 1 1
15 16 1 1
13 9 1 1
13 19 1 1
13 11 1 1
13 6 1 1
13 7 1 1
13 17 1 1
13 16 1 1
9 19 1 1
9 11 1 1
9 6 1 1
9 7 1 1
9 17 1 1
9 16 1 1
19 11 1 1
19 6 1 1
19 7 1 1
19 17 1 1
19 31 1 1
19 16 1 1
19 32 1 1
11 6 1 1
11 7 1 1
11 17 1 1
6 7 1 1
6 17 1 1
6 16 1 1
7 17 1 1
7 16 1 1
17 31 1 1
17 16 1 1
17 32 1 1
31 16 1 1
31 27 1 1
31 32 1 1
16 32 1 1
