83 1130
79 81 1 2
79 76 1 2
79 80 1 2
79 78 1 2
79 77 1 2
79 75 1 2
79 53 1 2
79 49 1 2
79 74 1 2
79 55 1 2
79 41 1 2
79 44 1 2
79 46 1 2
79 45 1 2
79 54 1 2
79 52 1 2
79 47 1 2
79 48 1 2
79 82 1 2
79 38 1 2
79 40 1 2
79 35 1 2
79 39 1 2
79 37 1 2
79 36 1 2
79 34 1 2
79 13 1 2
79 11 1 2
81 76 1 2
81 80 1 2
81 78 1 2
81 77 1 2
81 75 1 2
81 71 1 2
81 49 1 2
81 67 1 2
81 65 1 2
81 59 1 2
81 69 1 2
81 74 1 2
81 63 1 2
81 41 1 2
81 64 1 2
81 44 1 2
81 70 1 2
81 66 1 2
81 50 1 2
81 58 1 2
81 72 1 2
81 57 1 2
81 68 1 2
81 73 1 2
81 82 1 2
81 38 1 2
76 80 1 2
76 78 1 2
76 77 1 2
76 75 1 2
76 53 1 2
76 49 1 2
76 43 1 2
76 59 1 2
76 74 1 2
76 55 1 2
76 41 1 2
76 44 1 2
76 51 1 2
76 46 1 2
76 42 1 2
76 45 1 2
76 56 1 2
76 54 1 2
76 50 1 2
76 60 1 2
76 52 1 2
76 47 1 2
76 48 1 2
76 58 1 2
76 72 1 2
76 57 1 2
76 73 1 2
76 82 1 2
76 38 1 2
76 35 1 2
76 39 1 2
76 37 1 2
76 36 1 2
76 34 1 2
76 12 1 2
76 8 1 2
76 33 1 2
76 14 1 2
76 0 1 2
76 5 1 2
76 4 1 2
76 13 1 2
76 11 1 2
76 6 1 2
76 16 1 2
80 78 1 2
80 77 1 2
80 75 1 2
80 71 1 2
80 53 1 2
80 49 1 2
80 61 1 2
80 67 1 2
80 65 1 2
80 59 1 2
80 69 1 2
80 74 1 2
80 55 1 2
80 63 1 2
80 41 1 2
80 64 1 2
80 44 1 2
80 70 1 2
80 66 1 2
80 46 1 2
80 45 1 2
80 62 1 2
80 56 1 2
80 54 1 2
80 50 1 2
80 60 1 2
80 52 1 2
80 47 1 2
80 58 1 2
80 72 1 2
80 57 1 2
80 68 1 2
80 73 1 2
80 82 1 2
80 38 1 2
80 35 1 2
80 39 1 2
80 37 1 2
80 34 1 2
80 14 1 2
80 16 1 2
78 77 1 2
78 75 1 2
78 71 1 2
78 53 1 2
78 49 1 2
78 59 1 2
78 74 1 2
78 55 1 2
78 41 1 2
78 44 1 2
78 51 1 2
78 46 1 2
78 45 1 2
78 56 1 2
78 54 1 2
78 50 1 2
78 60 1 2
78 52 1 2
78 47 1 2
78 48 1 2
78 58 1 2
78 72 1 2
78 57 1 2
78 73 1 2
78 82 1 2
78 38 1 2
78 40 1 2
78 35 1 2
78 39 1 2
78 37 1 2
78 36 1 2
78 34 1 2
77 75 1 2
77 71 1 2
77 53 1 2
77 49 1 2
77 67 1 2
77 43 1 2
77 65 1 2
77 59 1 2
77 69 1 2
77 74 1 2
77 55 1 2
77 63 1 2
77 41 1 2
77 64 1 2
77 44 1 2
77 70 1 2
77 51 1 2
77 66 1 2
77 46 1 2
77 42 1 2
77 45 1 2
77 62 1 2
77 56 1 2
77 54 1 2
77 50 1 2
77 60 1 2
77 52 1 2
77 47 1 2
77 48 1 2
77 58 1 2
77 72 1 2
77 57 1 2
77 68 1 2
77 73 1 2
77 82 1 2
77 35 1 2
77 36 1 2
77 34 1 2
77 12 1 2
77 11 1 2
75 71 1 2
75 53 1 2
75 49 1 2
75 65 1 2
75 59 1 2
75 69 1 2
75 74 1 2
75 55 1 2
75 63 1 2
75 41 1 2
75 64 1 2
75 44 1 2
75 70 1 2
75 51 1 2
75 66 1 2
75 46 1 2
75 45 1 2
75 62 1 2
75 56 1 2
75 54 1 2
75 50 1 2
75 60 1 2
75 52 1 2
75 47 1 2
75 48 1 2
75 58 1 2
75 72 1 2
75 57 1 2
75 73 1 2
75 82 1 2
75 38 1 2
75 40 1 2
75 35 1 2
75 39 1 2
75 37 1 2
75 36 1 2
75 34 1 2
75 12 1 2
75 33 1 2
75 14 1 2
75 13 1 2
75 16 1 2
71 49 1 2
71 67 1 2
71 65 1 2
71 59 1 2
71 69 1 2
71 74 1 2
71 55 1 2
71 63 1 2
71 64 1 2
71 70 1 2
71 66 1 2
71 62 1 2
71 50 1 2
71 60 1 2
71 58 1 2
71 72 1 2
71 57 1 2
71 68 1 2
71 73 1 2
53 49 1 2
53 74 1 2
53 55 1 2
53 41 1 2
53 44 1 2
53 51 1 2
53 46 1 2
53 45 1 2
53 56 1 2
53 54 1 2
53 50 1 2
53 60 1 2
53 52 1 2
53 47 1 2
53 48 1 2
53 58 1 2
53 57 1 2
53 35 1 2
53 12 1 2
53 11 1 2
49 65 1 2
49 59 1 2
49 74 1 2
49 55 1 2
49 63 1 2
49 41 1 2
49 64 1 2
49 44 1 2
49 51 1 2
49 66 1 2
49 46 1 2
49 42 1 2
49 45 1 2
49 62 1 2
49 56 1 2
49 54 1 2
49 50 1 2
49 60 1 2
49 52 1 2
49 47 1 2
49 48 1 2
49 58 1 2
49 72 1 2
49 57 1 2
49 35 1 2
49 12 1 2
61 65 1 2
61 59 1 2
61 55 1 2
61 63 1 2
61 64 1 2
61 62 1 2
61 60 1 2
61 58 1 2
67 65 1 2
67 59 1 2
67 69 1 2
67 74 1 2
67 63 1 2
67 70 1 2
67 66 1 2
67 72 1 2
67 68 1 2
43 41 1 2
43 44 1 2
43 45 1 2
43 52 1 2
43 47 1 2
43 48 1 2
65 59 1 2
65 69 1 2
65 74 1 2
65 55 1 2
65 63 1 2
65 64 1 2
65 70 1 2
65 66 1 2
65 62 1 2
65 56 1 2
65 50 1 2
65 60 1 2
65 58 1 2
65 72 1 2
65 57 1 2
65 68 1 2
65 73 1 2
59 69 1 2
59 74 1 2
59 55 1 2
59 63 1 2
59 64 1 2
59 70 1 2
59 51 1 2
59 66 1 2
59 46 1 2
59 62 1 2
59 56 1 2
59 54 1 2
59 50 1 2
59 60 1 2
59 47 1 2
59 58 1 2
59 72 1 2
59 57 1 2
59 68 1 2
59 73 1 2
69 74 1 2
69 55 1 2
69 63 1 2
69 64 1 2
69 70 1 2
69 66 1 2
69 62 1 2
69 60 1 2
69 58 1 2
69 72 1 2
69 57 1 2
69 68 1 2
69 73 1 2
74 55 1 2
74 63 1 2
74 41 1 2
74 64 1 2
74 44 1 2
74 70 1 2
74 51 1 2
74 66 1 2
74 46 1 2
74 42 1 2
74 45 1 2
74 62 1 2
74 56 1 2
74 54 1 2
74 50 1 2
74 60 1 2
74 52 1 2
74 47 1 2
74 48 1 2
74 58 1 2
74 72 1 2
74 57 1 2
74 68 1 2
74 73 1 2
74 82 1 2
74 35 1 2
74 39 1 2
74 34 1 2
74 11 1 2
55 63 1 2
55 41 1 2
55 64 1 2
55 44 1 2
55 51 1 2
55 66 1 2
55 46 1 2
55 45 1 2
55 62 1 2
55 56 1 2
55 54 1 2
55 50 1 2
55 60 1 2
55 52 1 2
55 48 1 2
55 58 1 2
55 72 1 2
55 57 1 2
55 82 1 2
55 35 1 2
55 39 1 2
55 34 1 2
55 33 1 2
55 14 1 2
55 16 1 2
63 64 1 2
63 70 1 2
63 66 1 2
63 62 1 2
63 56 1 2
63 50 1 2
63 60 1 2
63 58 1 2
63 72 1 2
63 57 1 2
63 68 1 2
63 73 1 2
41 44 1 2
41 51 1 2
41 46 1 2
41 42 1 2
41 45 1 2
41 56 1 2
41 54 1 2
41 50 1 2
41 60 1 2
41 52 1 2
41 47 1 2
41 48 1 2
41 58 1 2
41 72 1 2
41 57 1 2
41 35 1 2
41 11 1 2
64 70 1 2
64 66 1 2
64 46 1 2
64 45 1 2
64 62 1 2
64 56 1 2
64 50 1 2
64 60 1 2
64 47 1 2
64 58 1 2
64 72 1 2
64 57 1 2
64 73 1 2
44 51 1 2
44 46 1 2
44 42 1 2
44 45 1 2
44 54 1 2
44 50 1 2
44 60 1 2
44 52 1 2
44 47 1 2
44 48 1 2
44 58 1 2
44 82 1 2
44 38 1 2
44 34 1 2
70 66 1 2
70 62 1 2
70 60 1 2
70 72 1 2
70 68 1 2
70 73 1 2
51 46 1 2
51 56 1 2
51 54 1 2
51 50 1 2
51 60 1 2
51 52 1 2
51 47 1 2
51 48 1 2
51 58 1 2
51 57 1 2
66 62 1 2
66 56 1 2
66 50 1 2
66 60 1 2
66 58 1 2
66 72 1 2
66 57 1 2
66 68 1 2
66 82 1 2
46 42 1 2
46 45 1 2
46 56 1 2
46 54 1 2
46 50 1 2
46 60 1 2
46 52 1 2
46 47 1 2
46 48 1 2
46 58 1 2
46 72 1 2
46 57 1 2
46 73 1 2
46 35 1 2
42 45 1 2
42 50 1 2
42 52 1 2
42 47 1 2
42 48 1 2
42 58 1 2
42 57 1 2
45 56 1 2
45 50 1 2
45 60 1 2
45 52 1 2
45 47 1 2
45 48 1 2
45 58 1 2
45 72 1 2
45 57 1 2
45 35 1 2
62 56 1 2
62 50 1 2
62 60 1 2
62 58 1 2
62 72 1 2
62 57 1 2
62 73 1 2
56 54 1 2
56 50 1 2
56 60 1 2
56 47 1 2
56 48 1 2
56 58 1 2
56 72 1 2
56 57 1 2
56 73 1 2
54 50 1 2
54 60 1 2
54 52 1 2
54 47 1 2
54 48 1 2
54 58 1 2
54 72 1 2
54 57 1 2
54 38 1 2
54 35 1 2
54 34 1 2
54 12 1 2
54 14 1 2
54 13 1 2
54 11 1 2
50 60 1 2
50 52 1 2
50 47 1 2
50 48 1 2
50 58 1 2
50 72 1 2
50 57 1 2
50 73 1 2
60 52 1 2
60 47 1 2
60 48 1 2
60 58 1 2
60 72 1 2
60 57 1 2
60 73 1 2
52 47 1 2
52 48 1 2
52 58 1 2
52 38 1 2
52 35 1 2
52 36 1 2
52 12 1 2
52 11 1 2
47 48 1 2
47 58 1 2
47 72 1 2
47 57 1 2
47 35 1 2
48 58 1 2
48 57 1 2
58 72 1 2
58 57 1 2
58 73 1 2
72 57 1 2
72 68 1 2
72 73 1 2
72 82 1 2
57 73 1 2
68 73 1 2
73 82 1 2
82 38 1 2
82 40 1 2
82 35 1 2
82 39 1 2
82 37 1 2
82 36 1 2
82 34 1 2
82 33 1 2
82 31 1 2
82 16 1 2
82 32 1 2
38 40 1 2
38 35 1 2
38 39 1 2
38 37 1 2
38 36 1 2
38 34 1 2
38 12 1 2
38 33 1 2
38 14 1 2
38 0 1 2
38 3 1 2
38 25 1 2
38 4 1 2
38 13 1 2
38 11 1 2
38 6 1 2
38 7 1 2
40 35 1 2
40 39 1 2
40 37 1 2
40 36 1 2
40 34 1 2
40 30 1 2
40 8 1 2
40 26 1 2
40 24 1 2
40 18 1 2
40 28 1 2
40 33 1 2
40 22 1 2
40 0 1 2
40 23 1 2
40 29 1 2
40 25 1 2
40 5 1 2
40 15 1 2
40 13 1 2
40 9 1 2
40 31 1 2
40 16 1 2
40 27 1 2
40 32 1 2
35 39 1 2
35 37 1 2
35 36 1 2
35 34 1 2
35 30 1 2
35 12 1 2
35 8 1 2
35 2 1 2
35 18 1 2
35 33 1 2
35 14 1 2
35 0 1 2
35 3 1 2
35 10 1 2
35 25 1 2
35 5 1 2
35 1 1 2
35 4 1 2
35 15 1 2
35 13 1 2
35 9 1 2
35 19 1 2
35 11 1 2
35 6 1 2
35 7 1 2
35 17 1 2
35 31 1 2
35 16 1 2
35 32 1 2
39 37 1 2
39 36 1 2
39 34 1 2
39 30 1 2
39 12 1 2
39 8 1 2
39 26 1 2
39 24 1 2
39 18 1 2
39 28 1 2
39 33 1 2
39 14 1 2
39 22 1 2
39 23 1 2
39 3 1 2
39 29 1 2
39 10 1 2
39 25 1 2
39 5 1 2
39 4 1 2
39 21 1 2
39 15 1 2
39 13 1 2
39 9 1 2
39 19 1 2
39 11 1 2
39 7 1 2
39 17 1 2
39 31 1 2
39 16 1 2
39 27 1 2
39 32 1 2
37 36 1 2
37 34 1 2
37 30 1 2
37 12 1 2
37 8 1 2
37 18 1 2
37 33 1 2
37 14 1 2
37 0 1 2
37 3 1 2
37 10 1 2
37 25 1 2
37 5 1 2
37 4 1 2
37 15 1 2
37 13 1 2
37 9 1 2
37 19 1 2
37 11 1 2
37 6 1 2
37 7 1 2
37 17 1 2
37 31 1 2
37 16 1 2
37 32 1 2
36 34 1 2
36 30 1 2
36 12 1 2
36 8 1 2
36 2 1 2
36 24 1 2
36 18 1 2
36 28 1 2
36 33 1 2
36 14 1 2
36 22 1 2
36 0 1 2
36 23 1 2
36 3 1 2
36 29 1 2
36 10 1 2
36 25 1 2
36 5 1 2
36 1 1 2
36 4 1 2
36 21 1 2
36 15 1 2
36 13 1 2
36 9 1 2
36 19 1 2
36 11 1 2
36 6 1 2
36 7 1 2
36 17 1 2
36 31 1 2
36 16 1 2
36 27 1 2
36 32 1 2
34 30 1 2
34 12 1 2
34 8 1 2
34 18 1 2
34 28 1 2
34 33 1 2
34 14 1 2
34 0 1 2
34 23 1 2
34 29 1 2
34 10 1 2
34 25 1 2
34 5 1 2
34 4 1 2
34 15 1 2
34 13 1 2
34 9 1 2
34 19 1 2
34 11 1 2
34 7 1 2
34 17 1 2
34 31 1 2
34 16 1 2
34 32 1 2
30 24 1 2
30 18 1 2
30 28 1 2
30 33 1 2
30 14 1 2
30 22 1 2
30 23 1 2
30 29 1 2
30 10 1 2
30 25 1 2
30 21 1 2
30 15 1 2
30 13 1 2
30 19 1 2
30 17 1 2
30 31 1 2
30 16 1 2
30 27 1 2
30 32 1 2
12 8 1 2
12 33 1 2
12 14 1 2
12 0 1 2
12 3 1 2
12 10 1 2
12 5 1 2
12 4 1 2
12 13 1 2
12 9 1 2
12 19 1 2
12 11 1 2
12 6 1 2
12 7 1 2
12 17 1 2
8 24 1 2
8 18 1 2
8 33 1 2
8 14 1 2
8 0 1 2
8 23 1 2
8 3 1 2
8 10 1 2
8 5 1 2
8 1 1 2
8 4 1 2
8 15 1 2
8 13 1 2
8 9 1 2
8 19 1 2
8 11 1 2
8 6 1 2
8 7 1 2
8 17 1 2
8 16 1 2
20 24 1 2
20 18 1 2
20 22 1 2
20 23 1 2
20 21 1 2
20 19 1 2
20 17 1 2
26 24 1 2
26 18 1 2
26 28 1 2
26 33 1 2
26 29 1 2
26 25 1 2
26 31 1 2
26 27 1 2
2 0 1 2
2 3 1 2
2 6 1 2
2 7 1 2
24 18 1 2
24 28 1 2
24 33 1 2
24 22 1 2
24 23 1 2
24 29 1 2
24 25 1 2
24 21 1 2
24 15 1 2
24 9 1 2
24 19 1 2
24 17 1 2
24 31 1 2
24 16 1 2
24 27 1 2
24 32 1 2
18 28 1 2
18 33 1 2
18 14 1 2
18 22 1 2
18 23 1 2
18 29 1 2
18 10 1 2
18 25 1 2
18 5 1 2
18 4 1 2
18 21 1 2
18 15 1 2
18 13 1 2
18 9 1 2
18 19 1 2
18 6 1 2
18 17 1 2
18 31 1 2
18 16 1 2
18 27 1 2
18 32 1 2
28 33 1 2
28 22 1 2
28 23 1 2
28 29 1 2
28 25 1 2
28 21 1 2
28 19 1 2
28 17 1 2
28 31 1 2
28 27 1 2
28 32 1 2
33 14 1 2
33 22 1 2
33 0 1 2
33 23 1 2
33 3 1 2
33 29 1 2
33 10 1 2
33 25 1 2
33 5 1 2
33 1 1 2
33 4 1 2
33 21 1 2
33 15 1 2
33 13 1 2
33 9 1 2
33 19 1 2
33 11 1 2
33 6 1 2
33 7 1 2
33 17 1 2
33 31 1 2
33 16 1 2
33 27 1 2
33 32 1 2
14 22 1 2
14 23 1 2
14 10 1 2
14 25 1 2
14 5 1 2
14 21 1 2
14 15 1 2
14 13 1 2
14 9 1 2
14 19 1 2
14 11 1 2
14 7 1 2
14 17 1 2
14 31 1 2
14 16 1 2
14 32 1 2
22 23 1 2
22 29 1 2
22 25 1 2
22 21 1 2
22 9 1 2
22 19 1 2
22 17 1 2
22 31 1 2
22 16 1 2
22 32 1 2
0 3 1 2
0 10 1 2
0 5 1 2
0 1 1 2
0 4 1 2
0 13 1 2
0 9 1 2
0 19 1 2
0 11 1 2
0 6 1 2
0 7 1 2
0 17 1 2
0 16 1 2
23 29 1 2
23 25 1 2
23 5 1 2
23 4 1 2
23 21 1 2
23 15 1 2
23 9 1 2
23 19 1 2
23 6 1 2
23 17 1 2
23 31 1 2
23 16 1 2
23 32 1 2
3 10 1 2
3 5 1 2
3 1 1 2
3 4 1 2
3 13 1 2
3 9 1 2
3 11 1 2
3 6 1 2
3 7 1 2
3 17 1 2
29 25 1 2
29 21 1 2
29 19 1 2
29 17 1 2
29 31 1 2
29 16 1 2
29 27 1 2
29 32 1 2
10 5 1 2
10 4 1 2
10 15 1 2
10 13 1 2
10 9 1 2
10 19 1 2
10 11 1 2
10 6 1 2
10 7 1 2
10 17 1 2
10 31 1 2
10 16 1 2
25 21 1 2
25 19 1 2
25 17 1 2
25 31 1 2
25 16 1 2
5 1 1 2
5 4 1 2
5 15 1 2
5 13 1 2
5 9 1 2
5 19 1 2
5 11 1 2
5 6 1 2
5 7 1 2
5 17 1 2
5 16 1 2
1 4 1 2
1 6 1 2
1 7 1 2
1 17 1 2
4 15 1 2
4 13 1 2
4 9 1 2
4 19 1 2
4 11 1 2
4 6 1 2
4 7 1 2
4 17 1 2
4 16 1 2
21 9 1 2
21 19 1 2
21 17 1 2
21 31 1 2
21 16 1 2
21 32 1 2
15 13 1 2
15 9 1 2
15 19 1 2
15 11 1 2
15 6 1 2
15 7 1 2
15 17 1 2
15 16 1 2
13 9 1 2
13 19 1 2
13 11 1 2
13 6 1 2
13 7 1 2
13 17 1 2
13 16 1 2
9 19 1 2
9 11 1 2
9 6 1 2
9 7 1 2
9 17 1 2
9 16 1 2
19 11 1 2
19 6 1 2
19 7 1 2
19 17 1 2
19 31 1 2
19 16 1 2
19 32 1 2
11 6 1 2
11 7 1 2
11 17 1 2
6 7 1 2
6 17 1 2
6 16 1 2
7 17 1 2
7 16 1 2
17 31 1 2
17 16 1 2
17 32 1 2
31 16 1 2
31 27 1 2
31 32 1 2
16 32 1 2
