83 1130
79 81 1 4
79 76 1 4
79 80 1 4
79 78 1 4
79 77 1 4
79 75 1 4
79 53 1 4
79 49 1 4
79 74 1 4
79 55 1 4
79 41 1 4
79 44 1 4
79 46 1 4
79 45 1 4
79 54 1 4
79 52 1 4
79 47 1 4
79 48 1 4
79 82 1 4
79 38 1 4
79 40 1 4
79 35 1 4
79 39 1 4
79 37 1 4
79 36 1 4
79 34 1 4
79 13 1 4
79 11 1 4
81 76 1 4
81 80 1 4
81 78 1 4
81 77 1 4
81 75 1 4
81 71 1 4
81 49 1 4
81 67 1 4
81 65 1 4
81 59 1 4
81 69 1 4
81 74 1 4
81 63 1 4
81 41 1 4
81 64 1 4
81 44 1 4
81 70 1 4
81 66 1 4
81 50 1 4
81 58 1 4
81 72 1 4
81 57 1 4
81 68 1 4
81 73 1 4
81 82 1 4
81 38 1 4
76 80 1 4
76 78 1 4
76 77 1 4
76 75 1 4
76 53 1 4
76 49 1 4
76 43 1 4
76 59 1 4
76 74 1 4
76 55 1 4
76 41 1 4
76 44 1 4
76 51 1 4
76 46 1 4
76 42 1 4
76 45 1 4
76 56 1 4
76 54 1 4
76 50 1 4
76 60 1 4
76 52 1 4
76 47 1 4
76 48 1 4
76 58 1 4
76 72 1 4
76 57 1 4
76 73 1 4
76 82 1 4
76 38 1 4
76 35 1 4
76 39 1 4
76 37 1 4
76 36 1 4
76 34 1 4
76 12 1 4
76 8 1 4
76 33 1 4
76 14 1 4
76 0 1 4
76 5 1 4
76 4 1 4
76 13 1 4
76 11 1 4
76 6 1 4
76 16 1 4
80 78 1 4
80 77 1 4
80 75 1 4
80 71 1 4
80 53 1 4
80 49 1 4
80 61 1 4
80 67 1 4
80 65 1 4
80 59 1 4
80 69 1 4
80 74 1 4
80 55 1 4
80 63 1 4
80 41 1 4
80 64 1 4
80 44 1 4
80 70 1 4
80 66 1 4
80 46 1 4
80 45 1 4
80 62 1 4
80 56 1 4
80 54 1 4
80 50 1 4
80 60 1 4
80 52 1 4
80 47 1 4
80 58 1 4
80 72 1 4
80 57 1 4
80 68 1 4
80 73 1 4
80 82 1 4
80 38 1 4
80 35 1 4
80 39 1 4
80 37 1 4
80 34 1 4
80 14 1 4
80 16 1 4
78 77 1 4
78 75 1 4
78 71 1 4
78 53 1 4
78 49 1 4
78 59 1 4
78 74 1 4
78 55 1 4
78 41 1 4
78 44 1 4
78 51 1 4
78 46 1 4
78 45 1 4
78 56 1 4
78 54 1 4
78 50 1 4
78 60 1 4
78 52 1 4
78 47 1 4
78 48 1 4
78 58 1 4
78 72 1 4
78 57 1 4
78 73 1 4
78 82 1 4
78 38 1 4
78 40 1 4
78 35 1 4
78 39 1 4
78 37 1 4
78 36 1 4
78 34 1 4
77 75 1 4
77 71 1 4
77 53 1 4
77 49 1 4
77 67 1 4
77 43 1 4
77 65 1 4
77 59 1 4
77 69 1 4
77 74 1 4
77 55 1 4
77 63 1 4
77 41 1 4
77 64 1 4
77 44 1 4
77 70 1 4
77 51 1 4
77 66 1 4
77 46 1 4
77 42 1 4
77 45 1 4
77 62 1 4
77 56 1 4
77 54 1 4
77 50 1 4
77 60 1 4
77 52 1 4
77 47 1 4
77 48 1 4
77 58 1 4
77 72 1 4
77 57 1 4
77 68 1 4
77 73 1 4
77 82 1 4
77 35 1 4
77 36 1 4
77 34 1 4
77 12 1 4
77 11 1 4
75 71 1 4
75 53 1 4
75 49 1 4
75 65 1 4
75 59 1 4
75 69 1 4
75 74 1 4
75 55 1 4
75 63 1 4
75 41 1 4
75 64 1 4
75 44 1 4
75 70 1 4
75 51 1 4
75 66 1 4
75 46 1 4
75 45 1 4
75 62 1 4
75 56 1 4
75 54 1 4
75 50 1 4
75 60 1 4
75 52 1 4
75 47 1 4
75 48 1 4
75 58 1 4
75 72 1 4
75 57 1 4
75 73 1 4
75 82 1 4
75 38 1 4
75 40 1 4
75 35 1 4
75 39 1 4
75 37 1 4
75 36 1 4
75 34 1 4
75 12 1 4
75 33 1 4
75 14 1 4
75 13 1 4
75 16 1 4
71 49 1 4
71 67 1 4
71 65 1 4
71 59 1 4
71 69 1 4
71 74 1 4
71 55 1 4
71 63 1 4
71 64 1 4
71 70 1 4
71 66 1 4
71 62 1 4
71 50 1 4
71 60 1 4
71 58 1 4
71 72 1 4
71 57 1 4
71 68 1 4
71 73 1 4
53 49 1 4
53 74 1 4
53 55 1 4
53 41 1 4
53 44 1 4
53 51 1 4
53 46 1 4
53 45 1 4
53 56 1 4
53 54 1 4
53 50 1 4
53 60 1 4
53 52 1 4
53 47 1 4
53 48 1 4
53 58 1 4
53 57 1 4
53 35 1 4
53 12 1 4
53 11 1 4
49 65 1 4
49 59 1 4
49 74 1 4
49 55 1 4
49 63 1 4
49 41 1 4
49 64 1 4
49 44 1 4
49 51 1 4
49 66 1 4
49 46 1 4
49 42 1 4
49 45 1 4
49 62 1 4
49 56 1 4
49 54 1 4
49 50 1 4
49 60 1 4
49 52 1 4
49 47 1 4
49 48 1 4
49 58 1 4
49 72 1 4
49 57 1 4
49 35 1 4
49 12 1 4
61 65 1 4
61 59 1 4
61 55 1 4
61 63 1 4
61 64 1 4
61 62 1 4
61 60 1 4
61 58 1 4
67 65 1 4
67 59 1 4
67 69 1 4
67 74 1 4
67 63 1 4
67 70 1 4
67 66 1 4
67 72 1 4
67 68 1 4
43 41 1 4
43 44 1 4
43 45 1 4
43 52 1 4
43 47 1 4
43 48 1 4
65 59 1 4
65 69 1 4
65 74 1 4
65 55 1 4
65 63 1 4
65 64 1 4
65 70 1 4
65 66 1 4
65 62 1 4
65 56 1 4
65 50 1 4
65 60 1 4
65 58 1 4
65 72 1 4
65 57 1 4
65 68 1 4
65 73 1 4
59 69 1 4
59 74 1 4
59 55 1 4
59 63 1 4
59 64 1 4
59 70 1 4
59 51 1 4
59 66 1 4
59 46 1 4
59 62 1 4
59 56 1 4
59 54 1 4
59 50 1 4
59 60 1 4
59 47 1 4
59 58 1 4
59 72 1 4
59 57 1 4
59 68 1 4
59 73 1 4
69 74 1 4
69 55 1 4
69 63 1 4
69 64 1 4
69 70 1 4
69 66 1 4
69 62 1 4
69 60 1 4
69 58 1 4
69 72 1 4
69 57 1 4
69 68 1 4
69 73 1 4
74 55 1 4
74 63 1 4
74 41 1 4
74 64 1 4
74 44 1 4
74 70 1 4
74 51 1 4
74 66 1 4
74 46 1 4
74 42 1 4
74 45 1 4
74 62 1 4
74 56 1 4
74 54 1 4
74 50 1 4
74 60 1 4
74 52 1 4
74 47 1 4
74 48 1 4
74 58 1 4
74 72 1 4
74 57 1 4
74 68 1 4
74 73 1 4
74 82 1 4
74 35 1 4
74 39 1 4
74 34 1 4
74 11 1 4
55 63 1 4
55 41 1 4
55 64 1 4
55 44 1 4
55 51 1 4
55 66 1 4
55 46 1 4
55 45 1 4
55 62 1 4
55 56 1 4
55 54 1 4
55 50 1 4
55 60 1 4
55 52 1 4
55 48 1 4
55 58 1 4
55 72 1 4
55 57 1 4
55 82 1 4
55 35 1 4
55 39 1 4
55 34 1 4
55 33 1 4
55 14 1 4
55 16 1 4
63 64 1 4
63 70 1 4
63 66 1 4
63 62 1 4
63 56 1 4
63 50 1 4
63 60 1 4
63 58 1 4
63 72 1 4
63 57 1 4
63 68 1 4
63 73 1 4
41 44 1 4
41 51 1 4
41 46 1 4
41 42 1 4
41 45 1 4
41 56 1 4
41 54 1 4
41 50 1 4
41 60 1 4
41 52 1 4
41 47 1 4
41 48 1 4
41 58 1 4
41 72 1 4
41 57 1 4
41 35 1 4
41 11 1 4
64 70 1 4
64 66 1 4
64 46 1 4
64 45 1 4
64 62 1 4
64 56 1 4
64 50 1 4
64 60 1 4
64 47 1 4
64 58 1 4
64 72 1 4
64 57 1 4
64 73 1 4
44 51 1 4
44 46 1 4
44 42 1 4
44 45 1 4
44 54 1 4
44 50 1 4
44 60 1 4
44 52 1 4
44 47 1 4
44 48 1 4
44 58 1 4
44 82 1 4
44 38 1 4
44 34 1 4
70 66 1 4
70 62 1 4
70 60 1 4
70 72 1 4
70 68 1 4
70 73 1 4
51 46 1 4
51 56 1 4
51 54 1 4
51 50 1 4
51 60 1 4
51 52 1 4
51 47 1 4
51 48 1 4
51 58 1 4
51 57 1 4
66 62 1 4
66 56 1 4
66 50 1 4
66 60 1 4
66 58 1 4
66 72 1 4
66 57 1 4
66 68 1 4
66 82 1 4
46 42 1 4
46 45 1 4
46 56 1 4
46 54 1 4
46 50 1 4
46 60 1 4
46 52 1 4
46 47 1 4
46 48 1 4
46 58 1 4
46 72 1 4
46 57 1 4
46 73 1 4
46 35 1 4
42 45 1 4
42 50 1 4
42 52 1 4
42 47 1 4
42 48 1 4
42 58 1 4
42 57 1 4
45 56 1 4
45 50 1 4
45 60 1 4
45 52 1 4
45 47 1 4
45 48 1 4
45 58 1 4
45 72 1 4
45 57 1 4
45 35 1 4
62 56 1 4
62 50 1 4
62 60 1 4
62 58 1 4
62 72 1 4
62 57 1 4
62 73 1 4
56 54 1 4
56 50 1 4
56 60 1 4
56 47 1 4
56 48 1 4
56 58 1 4
56 72 1 4
56 57 1 4
56 73 1 4
54 50 1 4
54 60 1 4
54 52 1 4
54 47 1 4
54 48 1 4
54 58 1 4
54 72 1 4
54 57 1 4
54 38 1 4
54 35 1 4
54 34 1 4
54 12 1 4
54 14 1 4
54 13 1 4
54 11 1 4
50 60 1 4
50 52 1 4
50 47 1 4
50 48 1 4
50 58 1 4
50 72 1 4
50 57 1 4
50 73 1 4
60 52 1 4
60 47 1 4
60 48 1 4
60 58 1 4
60 72 1 4
60 57 1 4
60 73 1 4
52 47 1 4
52 48 1 4
52 58 1 4
52 38 1 4
52 35 1 4
52 36 1 4
52 12 1 4
52 11 1 4
47 48 1 4
47 58 1 4
47 72 1 4
47 57 1 4
47 35 1 4
48 58 1 4
48 57 1 4
58 72 1 4
58 57 1 4
58 73 1 4
72 57 1 4
72 68 1 4
72 73 1 4
72 82 1 4
57 73 1 4
68 73 1 4
73 82 1 4
82 38 1 4
82 40 1 4
82 35 1 4
82 39 1 4
82 37 1 4
82 36 1 4
82 34 1 4
82 33 1 4
82 31 1 4
82 16 1 4
82 32 1 4
38 40 1 4
38 35 1 4
38 39 1 4
38 37 1 4
38 36 1 4
38 34 1 4
38 12 1 4
38 33 1 4
38 14 1 4
38 0 1 4
38 3 1 4
38 25 1 4
38 4 1 4
38 13 1 4
38 11 1 4
38 6 1 4
38 7 1 4
40 35 1 4
40 39 1 4
40 37 1 4
40 36 1 4
40 34 1 4
40 30 1 4
40 8 1 4
40 26 1 4
40 24 1 4
40 18 1 4
40 28 1 4
40 33 1 4
40 22 1 4
40 0 1 4
40 23 1 4
40 29 1 4
40 25 1 4
40 5 1 4
40 15 1 4
40 13 1 4
40 9 1 4
40 31 1 4
40 16 1 4
40 27 1 4
40 32 1 4
35 39 1 4
35 37 1 4
35 36 1 4
35 34 1 4
35 30 1 4
35 12 1 4
35 8 1 4
35 2 1 4
35 18 1 4
35 33 1 4
35 14 1 4
35 0 1 4
35 3 1 4
35 10 1 4
35 25 1 4
35 5 1 4
35 1 1 4
35 4 1 4
35 15 1 4
35 13 1 4
35 9 1 4
35 19 1 4
35 11 1 4
35 6 1 4
35 7 1 4
35 17 1 4
35 31 1 4
35 16 1 4
35 32 1 4
39 37 1 4
39 36 1 4
39 34 1 4
39 30 1 4
39 12 1 4
39 8 1 4
39 26 1 4
39 24 1 4
39 18 1 4
39 28 1 4
39 33 1 4
39 14 1 4
39 22 1 4
39 23 1 4
39 3 1 4
39 29 1 4
39 10 1 4
39 25 1 4
39 5 1 4
39 4 1 4
39 21 1 4
39 15 1 4
39 13 1 4
39 9 1 4
39 19 1 4
39 11 1 4
39 7 1 4
39 17 1 4
39 31 1 4
39 16 1 4
39 27 1 4
39 32 1 4
37 36 1 4
37 34 1 4
37 30 1 4
37 12 1 4
37 8 1 4
37 18 1 4
37 33 1 4
37 14 1 4
37 0 1 4
37 3 1 4
37 10 1 4
37 25 1 4
37 5 1 4
37 4 1 4
37 15 1 4
37 13 1 4
37 9 1 4
37 19 1 4
37 11 1 4
37 6 1 4
37 7 1 4
37 17 1 4
37 31 1 4
37 16 1 4
37 32 1 4
36 34 1 4
36 30 1 4
36 12 1 4
36 8 1 4
36 2 1 4
36 24 1 4
36 18 1 4
36 28 1 4
36 33 1 4
36 14 1 4
36 22 1 4
36 0 1 4
36 23 1 4
36 3 1 4
36 29 1 4
36 10 1 4
36 25 1 4
36 5 1 4
36 1 1 4
36 4 1 4
36 21 1 4
36 15 1 4
36 13 1 4
36 9 1 4
36 19 1 4
36 11 1 4
36 6 1 4
36 7 1 4
36 17 1 4
36 31 1 4
36 16 1 4
36 27 1 4
36 32 1 4
34 30 1 4
34 12 1 4
34 8 1 4
34 18 1 4
34 28 1 4
34 33 1 4
34 14 1 4
34 0 1 4
34 23 1 4
34 29 1 4
34 10 1 4
34 25 1 4
34 5 1 4
34 4 1 4
34 15 1 4
34 13 1 4
34 9 1 4
34 19 1 4
34 11 1 4
34 7 1 4
34 17 1 4
34 31 1 4
34 16 1 4
34 32 1 4
30 24 1 4
30 18 1 4
30 28 1 4
30 33 1 4
30 14 1 4
30 22 1 4
30 23 1 4
30 29 1 4
30 10 1 4
30 25 1 4
30 21 1 4
30 15 1 4
30 13 1 4
30 19 1 4
30 17 1 4
30 31 1 4
30 16 1 4
30 27 1 4
30 32 1 4
12 8 1 4
12 33 1 4
12 14 1 4
12 0 1 4
12 3 1 4
12 10 1 4
12 5 1 4
12 4 1 4
12 13 1 4
12 9 1 4
12 19 1 4
12 11 1 4
12 6 1 4
12 7 1 4
12 17 1 4
8 24 1 4
8 18 1 4
8 33 1 4
8 14 1 4
8 0 1 4
8 23 1 4
8 3 1 4
8 10 1 4
8 5 1 4
8 1 1 4
8 4 1 4
8 15 1 4
8 13 1 4
8 9 1 4
8 19 1 4
8 11 1 4
8 6 1 4
8 7 1 4
8 17 1 4
8 16 1 4
20 24 1 4
20 18 1 4
20 22 1 4
20 23 1 4
20 21 1 4
20 19 1 4
20 17 1 4
26 24 1 4
26 18 1 4
26 28 1 4
26 33 1 4
26 29 1 4
26 25 1 4
26 31 1 4
26 27 1 4
2 0 1 4
2 3 1 4
2 6 1 4
2 7 1 4
24 18 1 4
24 28 1 4
24 33 1 4
24 22 1 4
24 23 1 4
24 29 1 4
24 25 1 4
24 21 1 4
24 15 1 4
24 9 1 4
24 19 1 4
24 17 1 4
24 31 1 4
24 16 1 4
24 27 1 4
24 32 1 4
18 28 1 4
18 33 1 4
18 14 1 4
18 22 1 4
18 23 1 4
18 29 1 4
18 10 1 4
18 25 1 4
18 5 1 4
18 4 1 4
18 21 1 4
18 15 1 4
18 13 1 4
18 9 1 4
18 19 1 4
18 6 1 4
18 17 1 4
18 31 1 4
18 16 1 4
18 27 1 4
18 32 1 4
28 33 1 4
28 22 1 4
28 23 1 4
28 29 1 4
28 25 1 4
28 21 1 4
28 19 1 4
28 17 1 4
28 31 1 4
28 27 1 4
28 32 1 4
33 14 1 4
33 22 1 4
33 0 1 4
33 23 1 4
33 3 1 4
33 29 1 4
33 10 1 4
33 25 1 4
33 5 1 4
33 1 1 4
33 4 1 4
33 21 1 4
33 15 1 4
33 13 1 4
33 9 1 4
33 19 1 4
33 11 1 4
33 6 1 4
33 7 1 4
33 17 1 4
33 31 1 4
33 16 1 4
33 27 1 4
33 32 1 4
14 22 1 4
14 23 1 4
14 10 1 4
14 25 1 4
14 5 1 4
14 21 1 4
14 15 1 4
14 13 1 4
14 9 1 4
14 19 1 4
14 11 1 4
14 7 1 4
14 17 1 4
14 31 1 4
14 16 1 4
14 32 1 4
22 23 1 4
22 29 1 4
22 25 1 4
22 21 1 4
22 9 1 4
22 19 1 4
22 17 1 4
22 31 1 4
22 16 1 4
22 32 1 4
0 3 1 4
0 10 1 4
0 5 1 4
0 1 1 4
0 4 1 4
0 13 1 4
0 9 1 4
0 19 1 4
0 11 1 4
0 6 1 4
0 7 1 4
0 17 1 4
0 16 1 4
23 29 1 4
23 25 1 4
23 5 1 4
23 4 1 4
23 21 1 4
23 15 1 4
23 9 1 4
23 19 1 4
23 6 1 4
23 17 1 4
23 31 1 4
23 16 1 4
23 32 1 4
3 10 1 4
3 5 1 4
3 1 1 4
3 4 1 4
3 13 1 4
3 9 1 4
3 11 1 4
3 6 1 4
3 7 1 4
3 17 1 4
29 25 1 4
29 21 1 4
29 19 1 4
29 17 1 4
29 31 1 4
29 16 1 4
29 27 1 4
29 32 1 4
10 5 1 4
10 4 1 4
10 15 1 4
10 13 1 4
10 9 1 4
10 19 1 4
10 11 1 4
10 6 1 4
10 7 1 4
10 17 1 4
10 31 1 4
10 16 1 4
25 21 1 4
25 19 1 4
25 17 1 4
25 31 1 4
25 16 1 4
5 1 1 4
5 4 1 4
5 15 1 4
5 13 1 4
5 9 1 4
5 19 1 4
5 11 1 4
5 6 1 4
5 7 1 4
5 17 1 4
5 16 1 4
1 4 1 4
1 6 1 4
1 7 1 4
1 17 1 4
4 15 1 4
4 13 1 4
4 9 1 4
4 19 1 4
4 11 1 4
4 6 1 4
4 7 1 4
4 17 1 4
4 16 1 4
21 9 1 4
21 19 1 4
21 17 1 4
21 31 1 4
21 16 1 4
21 32 1 4
15 13 1 4
15 9 1 4
15 19 1 4
15 11 1 4
15 6 1 4
15 7 1 4
15 17 1 4
15 16 1 4
13 9 1 4
13 19 1 4
13 11 1 4
13 6 1 4
13 7 1 4
13 17 1 4
13 16 1 4
9 19 1 4
9 11 1 4
9 6 1 4
9 7 1 4
9 17 1 4
9 16 1 4
19 11 1 4
19 6 1 4
19 7 1 4
19 17 1 4
19 31 1 4
19 16 1 4
19 32 1 4
11 6 1 4
11 7 1 4
11 17 1 4
6 7 1 4
6 17 1 4
6 16 1 4
7 17 1 4
7 16 1 4
17 31 1 4
17 16 1 4
17 32 1 4
31 16 1 4
31 27 1 4
31 32 1 4
16 32 1 4
