83 1130
79 81 1 64
79 76 1 64
79 80 1 64
79 78 1 64
79 77 1 64
79 75 1 64
79 53 1 64
79 49 1 64
79 74 1 64
79 55 1 64
79 41 1 64
79 44 1 64
79 46 1 64
79 45 1 64
79 54 1 64
79 52 1 64
79 47 1 64
79 48 1 64
79 82 1 64
79 38 1 64
79 40 1 64
79 35 1 64
79 39 1 64
79 37 1 64
79 36 1 64
79 34 1 64
79 13 1 64
79 11 1 64
81 76 1 64
81 80 1 64
81 78 1 64
81 77 1 64
81 75 1 64
81 71 1 64
81 49 1 64
81 67 1 64
81 65 1 64
81 59 1 64
81 69 1 64
81 74 1 64
81 63 1 64
81 41 1 64
81 64 1 64
81 44 1 64
81 70 1 64
81 66 1 64
81 50 1 64
81 58 1 64
81 72 1 64
81 57 1 64
81 68 1 64
81 73 1 64
81 82 1 64
81 38 1 64
76 80 1 64
76 78 1 64
76 77 1 64
76 75 1 64
76 53 1 64
76 49 1 64
76 43 1 64
76 59 1 64
76 74 1 64
76 55 1 64
76 41 1 64
76 44 1 64
76 51 1 64
76 46 1 64
76 42 1 64
76 45 1 64
76 56 1 64
76 54 1 64
76 50 1 64
76 60 1 64
76 52 1 64
76 47 1 64
76 48 1 64
76 58 1 64
76 72 1 64
76 57 1 64
76 73 1 64
76 82 1 64
76 38 1 64
76 35 1 64
76 39 1 64
76 37 1 64
76 36 1 64
76 34 1 64
76 12 1 64
76 8 1 64
76 33 1 64
76 14 1 64
76 0 1 64
76 5 1 64
76 4 1 64
76 13 1 64
76 11 1 64
76 6 1 64
76 16 1 64
80 78 1 64
80 77 1 64
80 75 1 64
80 71 1 64
80 53 1 64
80 49 1 64
80 61 1 64
80 67 1 64
80 65 1 64
80 59 1 64
80 69 1 64
80 74 1 64
80 55 1 64
80 63 1 64
80 41 1 64
80 64 1 64
80 44 1 64
80 70 1 64
80 66 1 64
80 46 1 64
80 45 1 64
80 62 1 64
80 56 1 64
80 54 1 64
80 50 1 64
80 60 1 64
80 52 1 64
80 47 1 64
80 58 1 64
80 72 1 64
80 57 1 64
80 68 1 64
80 73 1 64
80 82 1 64
80 38 1 64
80 35 1 64
80 39 1 64
80 37 1 64
80 34 1 64
80 14 1 64
80 16 1 64
78 77 1 64
78 75 1 64
78 71 1 64
78 53 1 64
78 49 1 64
78 59 1 64
78 74 1 64
78 55 1 64
78 41 1 64
78 44 1 64
78 51 1 64
78 46 1 64
78 45 1 64
78 56 1 64
78 54 1 64
78 50 1 64
78 60 1 64
78 52 1 64
78 47 1 64
78 48 1 64
78 58 1 64
78 72 1 64
78 57 1 64
78 73 1 64
78 82 1 64
78 38 1 64
78 40 1 64
78 35 1 64
78 39 1 64
78 37 1 64
78 36 1 64
78 34 1 64
77 75 1 64
77 71 1 64
77 53 1 64
77 49 1 64
77 67 1 64
77 43 1 64
77 65 1 64
77 59 1 64
77 69 1 64
77 74 1 64
77 55 1 64
77 63 1 64
77 41 1 64
77 64 1 64
77 44 1 64
77 70 1 64
77 51 1 64
77 66 1 64
77 46 1 64
77 42 1 64
77 45 1 64
77 62 1 64
77 56 1 64
77 54 1 64
77 50 1 64
77 60 1 64
77 52 1 64
77 47 1 64
77 48 1 64
77 58 1 64
77 72 1 64
77 57 1 64
77 68 1 64
77 73 1 64
77 82 1 64
77 35 1 64
77 36 1 64
77 34 1 64
77 12 1 64
77 11 1 64
75 71 1 64
75 53 1 64
75 49 1 64
75 65 1 64
75 59 1 64
75 69 1 64
75 74 1 64
75 55 1 64
75 63 1 64
75 41 1 64
75 64 1 64
75 44 1 64
75 70 1 64
75 51 1 64
75 66 1 64
75 46 1 64
75 45 1 64
75 62 1 64
75 56 1 64
75 54 1 64
75 50 1 64
75 60 1 64
75 52 1 64
75 47 1 64
75 48 1 64
75 58 1 64
75 72 1 64
75 57 1 64
75 73 1 64
75 82 1 64
75 38 1 64
75 40 1 64
75 35 1 64
75 39 1 64
75 37 1 64
75 36 1 64
75 34 1 64
75 12 1 64
75 33 1 64
75 14 1 64
75 13 1 64
75 16 1 64
71 49 1 64
71 67 1 64
71 65 1 64
71 59 1 64
71 69 1 64
71 74 1 64
71 55 1 64
71 63 1 64
71 64 1 64
71 70 1 64
71 66 1 64
71 62 1 64
71 50 1 64
71 60 1 64
71 58 1 64
71 72 1 64
71 57 1 64
71 68 1 64
71 73 1 64
53 49 1 64
53 74 1 64
53 55 1 64
53 41 1 64
53 44 1 64
53 51 1 64
53 46 1 64
53 45 1 64
53 56 1 64
53 54 1 64
53 50 1 64
53 60 1 64
53 52 1 64
53 47 1 64
53 48 1 64
53 58 1 64
53 57 1 64
53 35 1 64
53 12 1 64
53 11 1 64
49 65 1 64
49 59 1 64
49 74 1 64
49 55 1 64
49 63 1 64
49 41 1 64
49 64 1 64
49 44 1 64
49 51 1 64
49 66 1 64
49 46 1 64
49 42 1 64
49 45 1 64
49 62 1 64
49 56 1 64
49 54 1 64
49 50 1 64
49 60 1 64
49 52 1 64
49 47 1 64
49 48 1 64
49 58 1 64
49 72 1 64
49 57 1 64
49 35 1 64
49 12 1 64
61 65 1 64
61 59 1 64
61 55 1 64
61 63 1 64
61 64 1 64
61 62 1 64
61 60 1 64
61 58 1 64
67 65 1 64
67 59 1 64
67 69 1 64
67 74 1 64
67 63 1 64
67 70 1 64
67 66 1 64
67 72 1 64
67 68 1 64
43 41 1 64
43 44 1 64
43 45 1 64
43 52 1 64
43 47 1 64
43 48 1 64
65 59 1 64
65 69 1 64
65 74 1 64
65 55 1 64
65 63 1 64
65 64 1 64
65 70 1 64
65 66 1 64
65 62 1 64
65 56 1 64
65 50 1 64
65 60 1 64
65 58 1 64
65 72 1 64
65 57 1 64
65 68 1 64
65 73 1 64
59 69 1 64
59 74 1 64
59 55 1 64
59 63 1 64
59 64 1 64
59 70 1 64
59 51 1 64
59 66 1 64
59 46 1 64
59 62 1 64
59 56 1 64
59 54 1 64
59 50 1 64
59 60 1 64
59 47 1 64
59 58 1 64
59 72 1 64
59 57 1 64
59 68 1 64
59 73 1 64
69 74 1 64
69 55 1 64
69 63 1 64
69 64 1 64
69 70 1 64
69 66 1 64
69 62 1 64
69 60 1 64
69 58 1 64
69 72 1 64
69 57 1 64
69 68 1 64
69 73 1 64
74 55 1 64
74 63 1 64
74 41 1 64
74 64 1 64
74 44 1 64
74 70 1 64
74 51 1 64
74 66 1 64
74 46 1 64
74 42 1 64
74 45 1 64
74 62 1 64
74 56 1 64
74 54 1 64
74 50 1 64
74 60 1 64
74 52 1 64
74 47 1 64
74 48 1 64
74 58 1 64
74 72 1 64
74 57 1 64
74 68 1 64
74 73 1 64
74 82 1 64
74 35 1 64
74 39 1 64
74 34 1 64
74 11 1 64
55 63 1 64
55 41 1 64
55 64 1 64
55 44 1 64
55 51 1 64
55 66 1 64
55 46 1 64
55 45 1 64
55 62 1 64
55 56 1 64
55 54 1 64
55 50 1 64
55 60 1 64
55 52 1 64
55 48 1 64
55 58 1 64
55 72 1 64
55 57 1 64
55 82 1 64
55 35 1 64
55 39 1 64
55 34 1 64
55 33 1 64
55 14 1 64
55 16 1 64
63 64 1 64
63 70 1 64
63 66 1 64
63 62 1 64
63 56 1 64
63 50 1 64
63 60 1 64
63 58 1 64
63 72 1 64
63 57 1 64
63 68 1 64
63 73 1 64
41 44 1 64
41 51 1 64
41 46 1 64
41 42 1 64
41 45 1 64
41 56 1 64
41 54 1 64
41 50 1 64
41 60 1 64
41 52 1 64
41 47 1 64
41 48 1 64
41 58 1 64
41 72 1 64
41 57 1 64
41 35 1 64
41 11 1 64
64 70 1 64
64 66 1 64
64 46 1 64
64 45 1 64
64 62 1 64
64 56 1 64
64 50 1 64
64 60 1 64
64 47 1 64
64 58 1 64
64 72 1 64
64 57 1 64
64 73 1 64
44 51 1 64
44 46 1 64
44 42 1 64
44 45 1 64
44 54 1 64
44 50 1 64
44 60 1 64
44 52 1 64
44 47 1 64
44 48 1 64
44 58 1 64
44 82 1 64
44 38 1 64
44 34 1 64
70 66 1 64
70 62 1 64
70 60 1 64
70 72 1 64
70 68 1 64
70 73 1 64
51 46 1 64
51 56 1 64
51 54 1 64
51 50 1 64
51 60 1 64
51 52 1 64
51 47 1 64
51 48 1 64
51 58 1 64
51 57 1 64
66 62 1 64
66 56 1 64
66 50 1 64
66 60 1 64
66 58 1 64
66 72 1 64
66 57 1 64
66 68 1 64
66 82 1 64
46 42 1 64
46 45 1 64
46 56 1 64
46 54 1 64
46 50 1 64
46 60 1 64
46 52 1 64
46 47 1 64
46 48 1 64
46 58 1 64
46 72 1 64
46 57 1 64
46 73 1 64
46 35 1 64
42 45 1 64
42 50 1 64
42 52 1 64
42 47 1 64
42 48 1 64
42 58 1 64
42 57 1 64
45 56 1 64
45 50 1 64
45 60 1 64
45 52 1 64
45 47 1 64
45 48 1 64
45 58 1 64
45 72 1 64
45 57 1 64
45 35 1 64
62 56 1 64
62 50 1 64
62 60 1 64
62 58 1 64
62 72 1 64
62 57 1 64
62 73 1 64
56 54 1 64
56 50 1 64
56 60 1 64
56 47 1 64
56 48 1 64
56 58 1 64
56 72 1 64
56 57 1 64
56 73 1 64
54 50 1 64
54 60 1 64
54 52 1 64
54 47 1 64
54 48 1 64
54 58 1 64
54 72 1 64
54 57 1 64
54 38 1 64
54 35 1 64
54 34 1 64
54 12 1 64
54 14 1 64
54 13 1 64
54 11 1 64
50 60 1 64
50 52 1 64
50 47 1 64
50 48 1 64
50 58 1 64
50 72 1 64
50 57 1 64
50 73 1 64
60 52 1 64
60 47 1 64
60 48 1 64
60 58 1 64
60 72 1 64
60 57 1 64
60 73 1 64
52 47 1 64
52 48 1 64
52 58 1 64
52 38 1 64
52 35 1 64
52 36 1 64
52 12 1 64
52 11 1 64
47 48 1 64
47 58 1 64
47 72 1 64
47 57 1 64
47 35 1 64
48 58 1 64
48 57 1 64
58 72 1 64
58 57 1 64
58 73 1 64
72 57 1 64
72 68 1 64
72 73 1 64
72 82 1 64
57 73 1 64
68 73 1 64
73 82 1 64
82 38 1 64
82 40 1 64
82 35 1 64
82 39 1 64
82 37 1 64
82 36 1 64
82 34 1 64
82 33 1 64
82 31 1 64
82 16 1 64
82 32 1 64
38 40 1 64
38 35 1 64
38 39 1 64
38 37 1 64
38 36 1 64
38 34 1 64
38 12 1 64
38 33 1 64
38 14 1 64
38 0 1 64
38 3 1 64
38 25 1 64
38 4 1 64
38 13 1 64
38 11 1 64
38 6 1 64
38 7 1 64
40 35 1 64
40 39 1 64
40 37 1 64
40 36 1 64
40 34 1 64
40 30 1 64
40 8 1 64
40 26 1 64
40 24 1 64
40 18 1 64
40 28 1 64
40 33 1 64
40 22 1 64
40 0 1 64
40 23 1 64
40 29 1 64
40 25 1 64
40 5 1 64
40 15 1 64
40 13 1 64
40 9 1 64
40 31 1 64
40 16 1 64
40 27 1 64
40 32 1 64
35 39 1 64
35 37 1 64
35 36 1 64
35 34 1 64
35 30 1 64
35 12 1 64
35 8 1 64
35 2 1 64
35 18 1 64
35 33 1 64
35 14 1 64
35 0 1 64
35 3 1 64
35 10 1 64
35 25 1 64
35 5 1 64
35 1 1 64
35 4 1 64
35 15 1 64
35 13 1 64
35 9 1 64
35 19 1 64
35 11 1 64
35 6 1 64
35 7 1 64
35 17 1 64
35 31 1 64
35 16 1 64
35 32 1 64
39 37 1 64
39 36 1 64
39 34 1 64
39 30 1 64
39 12 1 64
39 8 1 64
39 26 1 64
39 24 1 64
39 18 1 64
39 28 1 64
39 33 1 64
39 14 1 64
39 22 1 64
39 23 1 64
39 3 1 64
39 29 1 64
39 10 1 64
39 25 1 64
39 5 1 64
39 4 1 64
39 21 1 64
39 15 1 64
39 13 1 64
39 9 1 64
39 19 1 64
39 11 1 64
39 7 1 64
39 17 1 64
39 31 1 64
39 16 1 64
39 27 1 64
39 32 1 64
37 36 1 64
37 34 1 64
37 30 1 64
37 12 1 64
37 8 1 64
37 18 1 64
37 33 1 64
37 14 1 64
37 0 1 64
37 3 1 64
37 10 1 64
37 25 1 64
37 5 1 64
37 4 1 64
37 15 1 64
37 13 1 64
37 9 1 64
37 19 1 64
37 11 1 64
37 6 1 64
37 7 1 64
37 17 1 64
37 31 1 64
37 16 1 64
37 32 1 64
36 34 1 64
36 30 1 64
36 12 1 64
36 8 1 64
36 2 1 64
36 24 1 64
36 18 1 64
36 28 1 64
36 33 1 64
36 14 1 64
36 22 1 64
36 0 1 64
36 23 1 64
36 3 1 64
36 29 1 64
36 10 1 64
36 25 1 64
36 5 1 64
36 1 1 64
36 4 1 64
36 21 1 64
36 15 1 64
36 13 1 64
36 9 1 64
36 19 1 64
36 11 1 64
36 6 1 64
36 7 1 64
36 17 1 64
36 31 1 64
36 16 1 64
36 27 1 64
36 32 1 64
34 30 1 64
34 12 1 64
34 8 1 64
34 18 1 64
34 28 1 64
34 33 1 64
34 14 1 64
34 0 1 64
34 23 1 64
34 29 1 64
34 10 1 64
34 25 1 64
34 5 1 64
34 4 1 64
34 15 1 64
34 13 1 64
34 9 1 64
34 19 1 64
34 11 1 64
34 7 1 64
34 17 1 64
34 31 1 64
34 16 1 64
34 32 1 64
30 24 1 64
30 18 1 64
30 28 1 64
30 33 1 64
30 14 1 64
30 22 1 64
30 23 1 64
30 29 1 64
30 10 1 64
30 25 1 64
30 21 1 64
30 15 1 64
30 13 1 64
30 19 1 64
30 17 1 64
30 31 1 64
30 16 1 64
30 27 1 64
30 32 1 64
12 8 1 64
12 33 1 64
12 14 1 64
12 0 1 64
12 3 1 64
12 10 1 64
12 5 1 64
12 4 1 64
12 13 1 64
12 9 1 64
12 19 1 64
12 11 1 64
12 6 1 64
12 7 1 64
12 17 1 64
8 24 1 64
8 18 1 64
8 33 1 64
8 14 1 64
8 0 1 64
8 23 1 64
8 3 1 64
8 10 1 64
8 5 1 64
8 1 1 64
8 4 1 64
8 15 1 64
8 13 1 64
8 9 1 64
8 19 1 64
8 11 1 64
8 6 1 64
8 7 1 64
8 17 1 64
8 16 1 64
20 24 1 64
20 18 1 64
20 22 1 64
20 23 1 64
20 21 1 64
20 19 1 64
20 17 1 64
26 24 1 64
26 18 1 64
26 28 1 64
26 33 1 64
26 29 1 64
26 25 1 64
26 31 1 64
26 27 1 64
2 0 1 64
2 3 1 64
2 6 1 64
2 7 1 64
24 18 1 64
24 28 1 64
24 33 1 64
24 22 1 64
24 23 1 64
24 29 1 64
24 25 1 64
24 21 1 64
24 15 1 64
24 9 1 64
24 19 1 64
24 17 1 64
24 31 1 64
24 16 1 64
24 27 1 64
24 32 1 64
18 28 1 64
18 33 1 64
18 14 1 64
18 22 1 64
18 23 1 64
18 29 1 64
18 10 1 64
18 25 1 64
18 5 1 64
18 4 1 64
18 21 1 64
18 15 1 64
18 13 1 64
18 9 1 64
18 19 1 64
18 6 1 64
18 17 1 64
18 31 1 64
18 16 1 64
18 27 1 64
18 32 1 64
28 33 1 64
28 22 1 64
28 23 1 64
28 29 1 64
28 25 1 64
28 21 1 64
28 19 1 64
28 17 1 64
28 31 1 64
28 27 1 64
28 32 1 64
33 14 1 64
33 22 1 64
33 0 1 64
33 23 1 64
33 3 1 64
33 29 1 64
33 10 1 64
33 25 1 64
33 5 1 64
33 1 1 64
33 4 1 64
33 21 1 64
33 15 1 64
33 13 1 64
33 9 1 64
33 19 1 64
33 11 1 64
33 6 1 64
33 7 1 64
33 17 1 64
33 31 1 64
33 16 1 64
33 27 1 64
33 32 1 64
14 22 1 64
14 23 1 64
14 10 1 64
14 25 1 64
14 5 1 64
14 21 1 64
14 15 1 64
14 13 1 64
14 9 1 64
14 19 1 64
14 11 1 64
14 7 1 64
14 17 1 64
14 31 1 64
14 16 1 64
14 32 1 64
22 23 1 64
22 29 1 64
22 25 1 64
22 21 1 64
22 9 1 64
22 19 1 64
22 17 1 64
22 31 1 64
22 16 1 64
22 32 1 64
0 3 1 64
0 10 1 64
0 5 1 64
0 1 1 64
0 4 1 64
0 13 1 64
0 9 1 64
0 19 1 64
0 11 1 64
0 6 1 64
0 7 1 64
0 17 1 64
0 16 1 64
23 29 1 64
23 25 1 64
23 5 1 64
23 4 1 64
23 21 1 64
23 15 1 64
23 9 1 64
23 19 1 64
23 6 1 64
23 17 1 64
23 31 1 64
23 16 1 64
23 32 1 64
3 10 1 64
3 5 1 64
3 1 1 64
3 4 1 64
3 13 1 64
3 9 1 64
3 11 1 64
3 6 1 64
3 7 1 64
3 17 1 64
29 25 1 64
29 21 1 64
29 19 1 64
29 17 1 64
29 31 1 64
29 16 1 64
29 27 1 64
29 32 1 64
10 5 1 64
10 4 1 64
10 15 1 64
10 13 1 64
10 9 1 64
10 19 1 64
10 11 1 64
10 6 1 64
10 7 1 64
10 17 1 64
10 31 1 64
10 16 1 64
25 21 1 64
25 19 1 64
25 17 1 64
25 31 1 64
25 16 1 64
5 1 1 64
5 4 1 64
5 15 1 64
5 13 1 64
5 9 1 64
5 19 1 64
5 11 1 64
5 6 1 64
5 7 1 64
5 17 1 64
5 16 1 64
1 4 1 64
1 6 1 64
1 7 1 64
1 17 1 64
4 15 1 64
4 13 1 64
4 9 1 64
4 19 1 64
4 11 1 64
4 6 1 64
4 7 1 64
4 17 1 64
4 16 1 64
21 9 1 64
21 19 1 64
21 17 1 64
21 31 1 64
21 16 1 64
21 32 1 64
15 13 1 64
15 9 1 64
15 19 1 64
15 11 1 64
15 6 1 64
15 7 1 64
15 17 1 64
15 16 1 64
13 9 1 64
13 19 1 64
13 11 1 64
13 6 1 64
13 7 1 64
13 17 1 64
13 16 1 64
9 19 1 64
9 11 1 64
9 6 1 64
9 7 1 64
9 17 1 64
9 16 1 64
19 11 1 64
19 6 1 64
19 7 1 64
19 17 1 64
19 31 1 64
19 16 1 64
19 32 1 64
11 6 1 64
11 7 1 64
11 17 1 64
6 7 1 64
6 17 1 64
6 16 1 64
7 17 1 64
7 16 1 64
17 31 1 64
17 16 1 64
17 32 1 64
31 16 1 64
31 27 1 64
31 32 1 64
16 32 1 64
