83 1130
79 81 1 32
79 76 1 32
79 80 1 32
79 78 1 32
79 77 1 32
79 75 1 32
79 53 1 32
79 49 1 32
79 74 1 32
79 55 1 32
79 41 1 32
79 44 1 32
79 46 1 32
79 45 1 32
79 54 1 32
79 52 1 32
79 47 1 32
79 48 1 32
79 82 1 32
79 38 1 32
79 40 1 32
79 35 1 32
79 39 1 32
79 37 1 32
79 36 1 32
79 34 1 32
79 13 1 32
79 11 1 32
81 76 1 32
81 80 1 32
81 78 1 32
81 77 1 32
81 75 1 32
81 71 1 32
81 49 1 32
81 67 1 32
81 65 1 32
81 59 1 32
81 69 1 32
81 74 1 32
81 63 1 32
81 41 1 32
81 64 1 32
81 44 1 32
81 70 1 32
81 66 1 32
81 50 1 32
81 58 1 32
81 72 1 32
81 57 1 32
81 68 1 32
81 73 1 32
81 82 1 32
81 38 1 32
76 80 1 32
76 78 1 32
76 77 1 32
76 75 1 32
76 53 1 32
76 49 1 32
76 43 1 32
76 59 1 32
76 74 1 32
76 55 1 32
76 41 1 32
76 44 1 32
76 51 1 32
76 46 1 32
76 42 1 32
76 45 1 32
76 56 1 32
76 54 1 32
76 50 1 32
76 60 1 32
76 52 1 32
76 47 1 32
76 48 1 32
76 58 1 32
76 72 1 32
76 57 1 32
76 73 1 32
76 82 1 32
76 38 1 32
76 35 1 32
76 39 1 32
76 37 1 32
76 36 1 32
76 34 1 32
76 12 1 32
76 8 1 32
76 33 1 32
76 14 1 32
76 0 1 32
76 5 1 32
76 4 1 32
76 13 1 32
76 11 1 32
76 6 1 32
76 16 1 32
80 78 1 32
80 77 1 32
80 75 1 32
80 71 1 32
80 53 1 32
80 49 1 32
80 61 1 32
80 67 1 32
80 65 1 32
80 59 1 32
80 69 1 32
80 74 1 32
80 55 1 32
80 63 1 32
80 41 1 32
80 64 1 32
80 44 1 32
80 70 1 32
80 66 1 32
80 46 1 32
80 45 1 32
80 62 1 32
80 56 1 32
80 54 1 32
80 50 1 32
80 60 1 32
80 52 1 32
80 47 1 32
80 58 1 32
80 72 1 32
80 57 1 32
80 68 1 32
80 73 1 32
80 82 1 32
80 38 1 32
80 35 1 32
80 39 1 32
80 37 1 32
80 34 1 32
80 14 1 32
80 16 1 32
78 77 1 32
78 75 1 32
78 71 1 32
78 53 1 32
78 49 1 32
78 59 1 32
78 74 1 32
78 55 1 32
78 41 1 32
78 44 1 32
78 51 1 32
78 46 1 32
78 45 1 32
78 56 1 32
78 54 1 32
78 50 1 32
78 60 1 32
78 52 1 32
78 47 1 32
78 48 1 32
78 58 1 32
78 72 1 32
78 57 1 32
78 73 1 32
78 82 1 32
78 38 1 32
78 40 1 32
78 35 1 32
78 39 1 32
78 37 1 32
78 36 1 32
78 34 1 32
77 75 1 32
77 71 1 32
77 53 1 32
77 49 1 32
77 67 1 32
77 43 1 32
77 65 1 32
77 59 1 32
77 69 1 32
77 74 1 32
77 55 1 32
77 63 1 32
77 41 1 32
77 64 1 32
77 44 1 32
77 70 1 32
77 51 1 32
77 66 1 32
77 46 1 32
77 42 1 32
77 45 1 32
77 62 1 32
77 56 1 32
77 54 1 32
77 50 1 32
77 60 1 32
77 52 1 32
77 47 1 32
77 48 1 32
77 58 1 32
77 72 1 32
77 57 1 32
77 68 1 32
77 73 1 32
77 82 1 32
77 35 1 32
77 36 1 32
77 34 1 32
77 12 1 32
77 11 1 32
75 71 1 32
75 53 1 32
75 49 1 32
75 65 1 32
75 59 1 32
75 69 1 32
75 74 1 32
75 55 1 32
75 63 1 32
75 41 1 32
75 64 1 32
75 44 1 32
75 70 1 32
75 51 1 32
75 66 1 32
75 46 1 32
75 45 1 32
75 62 1 32
75 56 1 32
75 54 1 32
75 50 1 32
75 60 1 32
75 52 1 32
75 47 1 32
75 48 1 32
75 58 1 32
75 72 1 32
75 57 1 32
75 73 1 32
75 82 1 32
75 38 1 32
75 40 1 32
75 35 1 32
75 39 1 32
75 37 1 32
75 36 1 32
75 34 1 32
75 12 1 32
75 33 1 32
75 14 1 32
75 13 1 32
75 16 1 32
71 49 1 32
71 67 1 32
71 65 1 32
71 59 1 32
71 69 1 32
71 74 1 32
71 55 1 32
71 63 1 32
71 64 1 32
71 70 1 32
71 66 1 32
71 62 1 32
71 50 1 32
71 60 1 32
71 58 1 32
71 72 1 32
71 57 1 32
71 68 1 32
71 73 1 32
53 49 1 32
53 74 1 32
53 55 1 32
53 41 1 32
53 44 1 32
53 51 1 32
53 46 1 32
53 45 1 32
53 56 1 32
53 54 1 32
53 50 1 32
53 60 1 32
53 52 1 32
53 47 1 32
53 48 1 32
53 58 1 32
53 57 1 32
53 35 1 32
53 12 1 32
53 11 1 32
49 65 1 32
49 59 1 32
49 74 1 32
49 55 1 32
49 63 1 32
49 41 1 32
49 64 1 32
49 44 1 32
49 51 1 32
49 66 1 32
49 46 1 32
49 42 1 32
49 45 1 32
49 62 1 32
49 56 1 32
49 54 1 32
49 50 1 32
49 60 1 32
49 52 1 32
49 47 1 32
49 48 1 32
49 58 1 32
49 72 1 32
49 57 1 32
49 35 1 32
49 12 1 32
61 65 1 32
61 59 1 32
61 55 1 32
61 63 1 32
61 64 1 32
61 62 1 32
61 60 1 32
61 58 1 32
67 65 1 32
67 59 1 32
67 69 1 32
67 74 1 32
67 63 1 32
67 70 1 32
67 66 1 32
67 72 1 32
67 68 1 32
43 41 1 32
43 44 1 32
43 45 1 32
43 52 1 32
43 47 1 32
43 48 1 32
65 59 1 32
65 69 1 32
65 74 1 32
65 55 1 32
65 63 1 32
65 64 1 32
65 70 1 32
65 66 1 32
65 62 1 32
65 56 1 32
65 50 1 32
65 60 1 32
65 58 1 32
65 72 1 32
65 57 1 32
65 68 1 32
65 73 1 32
59 69 1 32
59 74 1 32
59 55 1 32
59 63 1 32
59 64 1 32
59 70 1 32
59 51 1 32
59 66 1 32
59 46 1 32
59 62 1 32
59 56 1 32
59 54 1 32
59 50 1 32
59 60 1 32
59 47 1 32
59 58 1 32
59 72 1 32
59 57 1 32
59 68 1 32
59 73 1 32
69 74 1 32
69 55 1 32
69 63 1 32
69 64 1 32
69 70 1 32
69 66 1 32
69 62 1 32
69 60 1 32
69 58 1 32
69 72 1 32
69 57 1 32
69 68 1 32
69 73 1 32
74 55 1 32
74 63 1 32
74 41 1 32
74 64 1 32
74 44 1 32
74 70 1 32
74 51 1 32
74 66 1 32
74 46 1 32
74 42 1 32
74 45 1 32
74 62 1 32
74 56 1 32
74 54 1 32
74 50 1 32
74 60 1 32
74 52 1 32
74 47 1 32
74 48 1 32
74 58 1 32
74 72 1 32
74 57 1 32
74 68 1 32
74 73 1 32
74 82 1 32
74 35 1 32
74 39 1 32
74 34 1 32
74 11 1 32
55 63 1 32
55 41 1 32
55 64 1 32
55 44 1 32
55 51 1 32
55 66 1 32
55 46 1 32
55 45 1 32
55 62 1 32
55 56 1 32
55 54 1 32
55 50 1 32
55 60 1 32
55 52 1 32
55 48 1 32
55 58 1 32
55 72 1 32
55 57 1 32
55 82 1 32
55 35 1 32
55 39 1 32
55 34 1 32
55 33 1 32
55 14 1 32
55 16 1 32
63 64 1 32
63 70 1 32
63 66 1 32
63 62 1 32
63 56 1 32
63 50 1 32
63 60 1 32
63 58 1 32
63 72 1 32
63 57 1 32
63 68 1 32
63 73 1 32
41 44 1 32
41 51 1 32
41 46 1 32
41 42 1 32
41 45 1 32
41 56 1 32
41 54 1 32
41 50 1 32
41 60 1 32
41 52 1 32
41 47 1 32
41 48 1 32
41 58 1 32
41 72 1 32
41 57 1 32
41 35 1 32
41 11 1 32
64 70 1 32
64 66 1 32
64 46 1 32
64 45 1 32
64 62 1 32
64 56 1 32
64 50 1 32
64 60 1 32
64 47 1 32
64 58 1 32
64 72 1 32
64 57 1 32
64 73 1 32
44 51 1 32
44 46 1 32
44 42 1 32
44 45 1 32
44 54 1 32
44 50 1 32
44 60 1 32
44 52 1 32
44 47 1 32
44 48 1 32
44 58 1 32
44 82 1 32
44 38 1 32
44 34 1 32
70 66 1 32
70 62 1 32
70 60 1 32
70 72 1 32
70 68 1 32
70 73 1 32
51 46 1 32
51 56 1 32
51 54 1 32
51 50 1 32
51 60 1 32
51 52 1 32
51 47 1 32
51 48 1 32
51 58 1 32
51 57 1 32
66 62 1 32
66 56 1 32
66 50 1 32
66 60 1 32
66 58 1 32
66 72 1 32
66 57 1 32
66 68 1 32
66 82 1 32
46 42 1 32
46 45 1 32
46 56 1 32
46 54 1 32
46 50 1 32
46 60 1 32
46 52 1 32
46 47 1 32
46 48 1 32
46 58 1 32
46 72 1 32
46 57 1 32
46 73 1 32
46 35 1 32
42 45 1 32
42 50 1 32
42 52 1 32
42 47 1 32
42 48 1 32
42 58 1 32
42 57 1 32
45 56 1 32
45 50 1 32
45 60 1 32
45 52 1 32
45 47 1 32
45 48 1 32
45 58 1 32
45 72 1 32
45 57 1 32
45 35 1 32
62 56 1 32
62 50 1 32
62 60 1 32
62 58 1 32
62 72 1 32
62 57 1 32
62 73 1 32
56 54 1 32
56 50 1 32
56 60 1 32
56 47 1 32
56 48 1 32
56 58 1 32
56 72 1 32
56 57 1 32
56 73 1 32
54 50 1 32
54 60 1 32
54 52 1 32
54 47 1 32
54 48 1 32
54 58 1 32
54 72 1 32
54 57 1 32
54 38 1 32
54 35 1 32
54 34 1 32
54 12 1 32
54 14 1 32
54 13 1 32
54 11 1 32
50 60 1 32
50 52 1 32
50 47 1 32
50 48 1 32
50 58 1 32
50 72 1 32
50 57 1 32
50 73 1 32
60 52 1 32
60 47 1 32
60 48 1 32
60 58 1 32
60 72 1 32
60 57 1 32
60 73 1 32
52 47 1 32
52 48 1 32
52 58 1 32
52 38 1 32
52 35 1 32
52 36 1 32
52 12 1 32
52 11 1 32
47 48 1 32
47 58 1 32
47 72 1 32
47 57 1 32
47 35 1 32
48 58 1 32
48 57 1 32
58 72 1 32
58 57 1 32
58 73 1 32
72 57 1 32
72 68 1 32
72 73 1 32
72 82 1 32
57 73 1 32
68 73 1 32
73 82 1 32
82 38 1 32
82 40 1 32
82 35 1 32
82 39 1 32
82 37 1 32
82 36 1 32
82 34 1 32
82 33 1 32
82 31 1 32
82 16 1 32
82 32 1 32
38 40 1 32
38 35 1 32
38 39 1 32
38 37 1 32
38 36 1 32
38 34 1 32
38 12 1 32
38 33 1 32
38 14 1 32
38 0 1 32
38 3 1 32
38 25 1 32
38 4 1 32
38 13 1 32
38 11 1 32
38 6 1 32
38 7 1 32
40 35 1 32
40 39 1 32
40 37 1 32
40 36 1 32
40 34 1 32
40 30 1 32
40 8 1 32
40 26 1 32
40 24 1 32
40 18 1 32
40 28 1 32
40 33 1 32
40 22 1 32
40 0 1 32
40 23 1 32
40 29 1 32
40 25 1 32
40 5 1 32
40 15 1 32
40 13 1 32
40 9 1 32
40 31 1 32
40 16 1 32
40 27 1 32
40 32 1 32
35 39 1 32
35 37 1 32
35 36 1 32
35 34 1 32
35 30 1 32
35 12 1 32
35 8 1 32
35 2 1 32
35 18 1 32
35 33 1 32
35 14 1 32
35 0 1 32
35 3 1 32
35 10 1 32
35 25 1 32
35 5 1 32
35 1 1 32
35 4 1 32
35 15 1 32
35 13 1 32
35 9 1 32
35 19 1 32
35 11 1 32
35 6 1 32
35 7 1 32
35 17 1 32
35 31 1 32
35 16 1 32
35 32 1 32
39 37 1 32
39 36 1 32
39 34 1 32
39 30 1 32
39 12 1 32
39 8 1 32
39 26 1 32
39 24 1 32
39 18 1 32
39 28 1 32
39 33 1 32
39 14 1 32
39 22 1 32
39 23 1 32
39 3 1 32
39 29 1 32
39 10 1 32
39 25 1 32
39 5 1 32
39 4 1 32
39 21 1 32
39 15 1 32
39 13 1 32
39 9 1 32
39 19 1 32
39 11 1 32
39 7 1 32
39 17 1 32
39 31 1 32
39 16 1 32
39 27 1 32
39 32 1 32
37 36 1 32
37 34 1 32
37 30 1 32
37 12 1 32
37 8 1 32
37 18 1 32
37 33 1 32
37 14 1 32
37 0 1 32
37 3 1 32
37 10 1 32
37 25 1 32
37 5 1 32
37 4 1 32
37 15 1 32
37 13 1 32
37 9 1 32
37 19 1 32
37 11 1 32
37 6 1 32
37 7 1 32
37 17 1 32
37 31 1 32
37 16 1 32
37 32 1 32
36 34 1 32
36 30 1 32
36 12 1 32
36 8 1 32
36 2 1 32
36 24 1 32
36 18 1 32
36 28 1 32
36 33 1 32
36 14 1 32
36 22 1 32
36 0 1 32
36 23 1 32
36 3 1 32
36 29 1 32
36 10 1 32
36 25 1 32
36 5 1 32
36 1 1 32
36 4 1 32
36 21 1 32
36 15 1 32
36 13 1 32
36 9 1 32
36 19 1 32
36 11 1 32
36 6 1 32
36 7 1 32
36 17 1 32
36 31 1 32
36 16 1 32
36 27 1 32
36 32 1 32
34 30 1 32
34 12 1 32
34 8 1 32
34 18 1 32
34 28 1 32
34 33 1 32
34 14 1 32
34 0 1 32
34 23 1 32
34 29 1 32
34 10 1 32
34 25 1 32
34 5 1 32
34 4 1 32
34 15 1 32
34 13 1 32
34 9 1 32
34 19 1 32
34 11 1 32
34 7 1 32
34 17 1 32
34 31 1 32
34 16 1 32
34 32 1 32
30 24 1 32
30 18 1 32
30 28 1 32
30 33 1 32
30 14 1 32
30 22 1 32
30 23 1 32
30 29 1 32
30 10 1 32
30 25 1 32
30 21 1 32
30 15 1 32
30 13 1 32
30 19 1 32
30 17 1 32
30 31 1 32
30 16 1 32
30 27 1 32
30 32 1 32
12 8 1 32
12 33 1 32
12 14 1 32
12 0 1 32
12 3 1 32
12 10 1 32
12 5 1 32
12 4 1 32
12 13 1 32
12 9 1 32
12 19 1 32
12 11 1 32
12 6 1 32
12 7 1 32
12 17 1 32
8 24 1 32
8 18 1 32
8 33 1 32
8 14 1 32
8 0 1 32
8 23 1 32
8 3 1 32
8 10 1 32
8 5 1 32
8 1 1 32
8 4 1 32
8 15 1 32
8 13 1 32
8 9 1 32
8 19 1 32
8 11 1 32
8 6 1 32
8 7 1 32
8 17 1 32
8 16 1 32
20 24 1 32
20 18 1 32
20 22 1 32
20 23 1 32
20 21 1 32
20 19 1 32
20 17 1 32
26 24 1 32
26 18 1 32
26 28 1 32
26 33 1 32
26 29 1 32
26 25 1 32
26 31 1 32
26 27 1 32
2 0 1 32
2 3 1 32
2 6 1 32
2 7 1 32
24 18 1 32
24 28 1 32
24 33 1 32
24 22 1 32
24 23 1 32
24 29 1 32
24 25 1 32
24 21 1 32
24 15 1 32
24 9 1 32
24 19 1 32
24 17 1 32
24 31 1 32
24 16 1 32
24 27 1 32
24 32 1 32
18 28 1 32
18 33 1 32
18 14 1 32
18 22 1 32
18 23 1 32
18 29 1 32
18 10 1 32
18 25 1 32
18 5 1 32
18 4 1 32
18 21 1 32
18 15 1 32
18 13 1 32
18 9 1 32
18 19 1 32
18 6 1 32
18 17 1 32
18 31 1 32
18 16 1 32
18 27 1 32
18 32 1 32
28 33 1 32
28 22 1 32
28 23 1 32
28 29 1 32
28 25 1 32
28 21 1 32
28 19 1 32
28 17 1 32
28 31 1 32
28 27 1 32
28 32 1 32
33 14 1 32
33 22 1 32
33 0 1 32
33 23 1 32
33 3 1 32
33 29 1 32
33 10 1 32
33 25 1 32
33 5 1 32
33 1 1 32
33 4 1 32
33 21 1 32
33 15 1 32
33 13 1 32
33 9 1 32
33 19 1 32
33 11 1 32
33 6 1 32
33 7 1 32
33 17 1 32
33 31 1 32
33 16 1 32
33 27 1 32
33 32 1 32
14 22 1 32
14 23 1 32
14 10 1 32
14 25 1 32
14 5 1 32
14 21 1 32
14 15 1 32
14 13 1 32
14 9 1 32
14 19 1 32
14 11 1 32
14 7 1 32
14 17 1 32
14 31 1 32
14 16 1 32
14 32 1 32
22 23 1 32
22 29 1 32
22 25 1 32
22 21 1 32
22 9 1 32
22 19 1 32
22 17 1 32
22 31 1 32
22 16 1 32
22 32 1 32
0 3 1 32
0 10 1 32
0 5 1 32
0 1 1 32
0 4 1 32
0 13 1 32
0 9 1 32
0 19 1 32
0 11 1 32
0 6 1 32
0 7 1 32
0 17 1 32
0 16 1 32
23 29 1 32
23 25 1 32
23 5 1 32
23 4 1 32
23 21 1 32
23 15 1 32
23 9 1 32
23 19 1 32
23 6 1 32
23 17 1 32
23 31 1 32
23 16 1 32
23 32 1 32
3 10 1 32
3 5 1 32
3 1 1 32
3 4 1 32
3 13 1 32
3 9 1 32
3 11 1 32
3 6 1 32
3 7 1 32
3 17 1 32
29 25 1 32
29 21 1 32
29 19 1 32
29 17 1 32
29 31 1 32
29 16 1 32
29 27 1 32
29 32 1 32
10 5 1 32
10 4 1 32
10 15 1 32
10 13 1 32
10 9 1 32
10 19 1 32
10 11 1 32
10 6 1 32
10 7 1 32
10 17 1 32
10 31 1 32
10 16 1 32
25 21 1 32
25 19 1 32
25 17 1 32
25 31 1 32
25 16 1 32
5 1 1 32
5 4 1 32
5 15 1 32
5 13 1 32
5 9 1 32
5 19 1 32
5 11 1 32
5 6 1 32
5 7 1 32
5 17 1 32
5 16 1 32
1 4 1 32
1 6 1 32
1 7 1 32
1 17 1 32
4 15 1 32
4 13 1 32
4 9 1 32
4 19 1 32
4 11 1 32
4 6 1 32
4 7 1 32
4 17 1 32
4 16 1 32
21 9 1 32
21 19 1 32
21 17 1 32
21 31 1 32
21 16 1 32
21 32 1 32
15 13 1 32
15 9 1 32
15 19 1 32
15 11 1 32
15 6 1 32
15 7 1 32
15 17 1 32
15 16 1 32
13 9 1 32
13 19 1 32
13 11 1 32
13 6 1 32
13 7 1 32
13 17 1 32
13 16 1 32
9 19 1 32
9 11 1 32
9 6 1 32
9 7 1 32
9 17 1 32
9 16 1 32
19 11 1 32
19 6 1 32
19 7 1 32
19 17 1 32
19 31 1 32
19 16 1 32
19 32 1 32
11 6 1 32
11 7 1 32
11 17 1 32
6 7 1 32
6 17 1 32
6 16 1 32
7 17 1 32
7 16 1 32
17 31 1 32
17 16 1 32
17 32 1 32
31 16 1 32
31 27 1 32
31 32 1 32
16 32 1 32
