83 1130
79 81 1 128
79 76 1 128
79 80 1 128
79 78 1 128
79 77 1 128
79 75 1 128
79 53 1 128
79 49 1 128
79 74 1 128
79 55 1 128
79 41 1 128
79 44 1 128
79 46 1 128
79 45 1 128
79 54 1 128
79 52 1 128
79 47 1 128
79 48 1 128
79 82 1 128
79 38 1 128
79 40 1 128
79 35 1 128
79 39 1 128
79 37 1 128
79 36 1 128
79 34 1 128
79 13 1 128
79 11 1 128
81 76 1 128
81 80 1 128
81 78 1 128
81 77 1 128
81 75 1 128
81 71 1 128
81 49 1 128
81 67 1 128
81 65 1 128
81 59 1 128
81 69 1 128
81 74 1 128
81 63 1 128
81 41 1 128
81 64 1 128
81 44 1 128
81 70 1 128
81 66 1 128
81 50 1 128
81 58 1 128
81 72 1 128
81 57 1 128
81 68 1 128
81 73 1 128
81 82 1 128
81 38 1 128
76 80 1 128
76 78 1 128
76 77 1 128
76 75 1 128
76 53 1 128
76 49 1 128
76 43 1 128
76 59 1 128
76 74 1 128
76 55 1 128
76 41 1 128
76 44 1 128
76 51 1 128
76 46 1 128
76 42 1 128
76 45 1 128
76 56 1 128
76 54 1 128
76 50 1 128
76 60 1 128
76 52 1 128
76 47 1 128
76 48 1 128
76 58 1 128
76 72 1 128
76 57 1 128
76 73 1 128
76 82 1 128
76 38 1 128
76 35 1 128
76 39 1 128
76 37 1 128
76 36 1 128
76 34 1 128
76 12 1 128
76 8 1 128
76 33 1 128
76 14 1 128
76 0 1 128
76 5 1 128
76 4 1 128
76 13 1 128
76 11 1 128
76 6 1 128
76 16 1 128
80 78 1 128
80 77 1 128
80 75 1 128
80 71 1 128
80 53 1 128
80 49 1 128
80 61 1 128
80 67 1 128
80 65 1 128
80 59 1 128
80 69 1 128
80 74 1 128
80 55 1 128
80 63 1 128
80 41 1 128
80 64 1 128
80 44 1 128
80 70 1 128
80 66 1 128
80 46 1 128
80 45 1 128
80 62 1 128
80 56 1 128
80 54 1 128
80 50 1 128
80 60 1 128
80 52 1 128
80 47 1 128
80 58 1 128
80 72 1 128
80 57 1 128
80 68 1 128
80 73 1 128
80 82 1 128
80 38 1 128
80 35 1 128
80 39 1 128
80 37 1 128
80 34 1 128
80 14 1 128
80 16 1 128
78 77 1 128
78 75 1 128
78 71 1 128
78 53 1 128
78 49 1 128
78 59 1 128
78 74 1 128
78 55 1 128
78 41 1 128
78 44 1 128
78 51 1 128
78 46 1 128
78 45 1 128
78 56 1 128
78 54 1 128
78 50 1 128
78 60 1 128
78 52 1 128
78 47 1 128
78 48 1 128
78 58 1 128
78 72 1 128
78 57 1 128
78 73 1 128
78 82 1 128
78 38 1 128
78 40 1 128
78 35 1 128
78 39 1 128
78 37 1 128
78 36 1 128
78 34 1 128
77 75 1 128
77 71 1 128
77 53 1 128
77 49 1 128
77 67 1 128
77 43 1 128
77 65 1 128
77 59 1 128
77 69 1 128
77 74 1 128
77 55 1 128
77 63 1 128
77 41 1 128
77 64 1 128
77 44 1 128
77 70 1 128
77 51 1 128
77 66 1 128
77 46 1 128
77 42 1 128
77 45 1 128
77 62 1 128
77 56 1 128
77 54 1 128
77 50 1 128
77 60 1 128
77 52 1 128
77 47 1 128
77 48 1 128
77 58 1 128
77 72 1 128
77 57 1 128
77 68 1 128
77 73 1 128
77 82 1 128
77 35 1 128
77 36 1 128
77 34 1 128
77 12 1 128
77 11 1 128
75 71 1 128
75 53 1 128
75 49 1 128
75 65 1 128
75 59 1 128
75 69 1 128
75 74 1 128
75 55 1 128
75 63 1 128
75 41 1 128
75 64 1 128
75 44 1 128
75 70 1 128
75 51 1 128
75 66 1 128
75 46 1 128
75 45 1 128
75 62 1 128
75 56 1 128
75 54 1 128
75 50 1 128
75 60 1 128
75 52 1 128
75 47 1 128
75 48 1 128
75 58 1 128
75 72 1 128
75 57 1 128
75 73 1 128
75 82 1 128
75 38 1 128
75 40 1 128
75 35 1 128
75 39 1 128
75 37 1 128
75 36 1 128
75 34 1 128
75 12 1 128
75 33 1 128
75 14 1 128
75 13 1 128
75 16 1 128
71 49 1 128
71 67 1 128
71 65 1 128
71 59 1 128
71 69 1 128
71 74 1 128
71 55 1 128
71 63 1 128
71 64 1 128
71 70 1 128
71 66 1 128
71 62 1 128
71 50 1 128
71 60 1 128
71 58 1 128
71 72 1 128
71 57 1 128
71 68 1 128
71 73 1 128
53 49 1 128
53 74 1 128
53 55 1 128
53 41 1 128
53 44 1 128
53 51 1 128
53 46 1 128
53 45 1 128
53 56 1 128
53 54 1 128
53 50 1 128
53 60 1 128
53 52 1 128
53 47 1 128
53 48 1 128
53 58 1 128
53 57 1 128
53 35 1 128
53 12 1 128
53 11 1 128
49 65 1 128
49 59 1 128
49 74 1 128
49 55 1 128
49 63 1 128
49 41 1 128
49 64 1 128
49 44 1 128
49 51 1 128
49 66 1 128
49 46 1 128
49 42 1 128
49 45 1 128
49 62 1 128
49 56 1 128
49 54 1 128
49 50 1 128
49 60 1 128
49 52 1 128
49 47 1 128
49 48 1 128
49 58 1 128
49 72 1 128
49 57 1 128
49 35 1 128
49 12 1 128
61 65 1 128
61 59 1 128
61 55 1 128
61 63 1 128
61 64 1 128
61 62 1 128
61 60 1 128
61 58 1 128
67 65 1 128
67 59 1 128
67 69 1 128
67 74 1 128
67 63 1 128
67 70 1 128
67 66 1 128
67 72 1 128
67 68 1 128
43 41 1 128
43 44 1 128
43 45 1 128
43 52 1 128
43 47 1 128
43 48 1 128
65 59 1 128
65 69 1 128
65 74 1 128
65 55 1 128
65 63 1 128
65 64 1 128
65 70 1 128
65 66 1 128
65 62 1 128
65 56 1 128
65 50 1 128
65 60 1 128
65 58 1 128
65 72 1 128
65 57 1 128
65 68 1 128
65 73 1 128
59 69 1 128
59 74 1 128
59 55 1 128
59 63 1 128
59 64 1 128
59 70 1 128
59 51 1 128
59 66 1 128
59 46 1 128
59 62 1 128
59 56 1 128
59 54 1 128
59 50 1 128
59 60 1 128
59 47 1 128
59 58 1 128
59 72 1 128
59 57 1 128
59 68 1 128
59 73 1 128
69 74 1 128
69 55 1 128
69 63 1 128
69 64 1 128
69 70 1 128
69 66 1 128
69 62 1 128
69 60 1 128
69 58 1 128
69 72 1 128
69 57 1 128
69 68 1 128
69 73 1 128
74 55 1 128
74 63 1 128
74 41 1 128
74 64 1 128
74 44 1 128
74 70 1 128
74 51 1 128
74 66 1 128
74 46 1 128
74 42 1 128
74 45 1 128
74 62 1 128
74 56 1 128
74 54 1 128
74 50 1 128
74 60 1 128
74 52 1 128
74 47 1 128
74 48 1 128
74 58 1 128
74 72 1 128
74 57 1 128
74 68 1 128
74 73 1 128
74 82 1 128
74 35 1 128
74 39 1 128
74 34 1 128
74 11 1 128
55 63 1 128
55 41 1 128
55 64 1 128
55 44 1 128
55 51 1 128
55 66 1 128
55 46 1 128
55 45 1 128
55 62 1 128
55 56 1 128
55 54 1 128
55 50 1 128
55 60 1 128
55 52 1 128
55 48 1 128
55 58 1 128
55 72 1 128
55 57 1 128
55 82 1 128
55 35 1 128
55 39 1 128
55 34 1 128
55 33 1 128
55 14 1 128
55 16 1 128
63 64 1 128
63 70 1 128
63 66 1 128
63 62 1 128
63 56 1 128
63 50 1 128
63 60 1 128
63 58 1 128
63 72 1 128
63 57 1 128
63 68 1 128
63 73 1 128
41 44 1 128
41 51 1 128
41 46 1 128
41 42 1 128
41 45 1 128
41 56 1 128
41 54 1 128
41 50 1 128
41 60 1 128
41 52 1 128
41 47 1 128
41 48 1 128
41 58 1 128
41 72 1 128
41 57 1 128
41 35 1 128
41 11 1 128
64 70 1 128
64 66 1 128
64 46 1 128
64 45 1 128
64 62 1 128
64 56 1 128
64 50 1 128
64 60 1 128
64 47 1 128
64 58 1 128
64 72 1 128
64 57 1 128
64 73 1 128
44 51 1 128
44 46 1 128
44 42 1 128
44 45 1 128
44 54 1 128
44 50 1 128
44 60 1 128
44 52 1 128
44 47 1 128
44 48 1 128
44 58 1 128
44 82 1 128
44 38 1 128
44 34 1 128
70 66 1 128
70 62 1 128
70 60 1 128
70 72 1 128
70 68 1 128
70 73 1 128
51 46 1 128
51 56 1 128
51 54 1 128
51 50 1 128
51 60 1 128
51 52 1 128
51 47 1 128
51 48 1 128
51 58 1 128
51 57 1 128
66 62 1 128
66 56 1 128
66 50 1 128
66 60 1 128
66 58 1 128
66 72 1 128
66 57 1 128
66 68 1 128
66 82 1 128
46 42 1 128
46 45 1 128
46 56 1 128
46 54 1 128
46 50 1 128
46 60 1 128
46 52 1 128
46 47 1 128
46 48 1 128
46 58 1 128
46 72 1 128
46 57 1 128
46 73 1 128
46 35 1 128
42 45 1 128
42 50 1 128
42 52 1 128
42 47 1 128
42 48 1 128
42 58 1 128
42 57 1 128
45 56 1 128
45 50 1 128
45 60 1 128
45 52 1 128
45 47 1 128
45 48 1 128
45 58 1 128
45 72 1 128
45 57 1 128
45 35 1 128
62 56 1 128
62 50 1 128
62 60 1 128
62 58 1 128
62 72 1 128
62 57 1 128
62 73 1 128
56 54 1 128
56 50 1 128
56 60 1 128
56 47 1 128
56 48 1 128
56 58 1 128
56 72 1 128
56 57 1 128
56 73 1 128
54 50 1 128
54 60 1 128
54 52 1 128
54 47 1 128
54 48 1 128
54 58 1 128
54 72 1 128
54 57 1 128
54 38 1 128
54 35 1 128
54 34 1 128
54 12 1 128
54 14 1 128
54 13 1 128
54 11 1 128
50 60 1 128
50 52 1 128
50 47 1 128
50 48 1 128
50 58 1 128
50 72 1 128
50 57 1 128
50 73 1 128
60 52 1 128
60 47 1 128
60 48 1 128
60 58 1 128
60 72 1 128
60 57 1 128
60 73 1 128
52 47 1 128
52 48 1 128
52 58 1 128
52 38 1 128
52 35 1 128
52 36 1 128
52 12 1 128
52 11 1 128
47 48 1 128
47 58 1 128
47 72 1 128
47 57 1 128
47 35 1 128
48 58 1 128
48 57 1 128
58 72 1 128
58 57 1 128
58 73 1 128
72 57 1 128
72 68 1 128
72 73 1 128
72 82 1 128
57 73 1 128
68 73 1 128
73 82 1 128
82 38 1 128
82 40 1 128
82 35 1 128
82 39 1 128
82 37 1 128
82 36 1 128
82 34 1 128
82 33 1 128
82 31 1 128
82 16 1 128
82 32 1 128
38 40 1 128
38 35 1 128
38 39 1 128
38 37 1 128
38 36 1 128
38 34 1 128
38 12 1 128
38 33 1 128
38 14 1 128
38 0 1 128
38 3 1 128
38 25 1 128
38 4 1 128
38 13 1 128
38 11 1 128
38 6 1 128
38 7 1 128
40 35 1 128
40 39 1 128
40 37 1 128
40 36 1 128
40 34 1 128
40 30 1 128
40 8 1 128
40 26 1 128
40 24 1 128
40 18 1 128
40 28 1 128
40 33 1 128
40 22 1 128
40 0 1 128
40 23 1 128
40 29 1 128
40 25 1 128
40 5 1 128
40 15 1 128
40 13 1 128
40 9 1 128
40 31 1 128
40 16 1 128
40 27 1 128
40 32 1 128
35 39 1 128
35 37 1 128
35 36 1 128
35 34 1 128
35 30 1 128
35 12 1 128
35 8 1 128
35 2 1 128
35 18 1 128
35 33 1 128
35 14 1 128
35 0 1 128
35 3 1 128
35 10 1 128
35 25 1 128
35 5 1 128
35 1 1 128
35 4 1 128
35 15 1 128
35 13 1 128
35 9 1 128
35 19 1 128
35 11 1 128
35 6 1 128
35 7 1 128
35 17 1 128
35 31 1 128
35 16 1 128
35 32 1 128
39 37 1 128
39 36 1 128
39 34 1 128
39 30 1 128
39 12 1 128
39 8 1 128
39 26 1 128
39 24 1 128
39 18 1 128
39 28 1 128
39 33 1 128
39 14 1 128
39 22 1 128
39 23 1 128
39 3 1 128
39 29 1 128
39 10 1 128
39 25 1 128
39 5 1 128
39 4 1 128
39 21 1 128
39 15 1 128
39 13 1 128
39 9 1 128
39 19 1 128
39 11 1 128
39 7 1 128
39 17 1 128
39 31 1 128
39 16 1 128
39 27 1 128
39 32 1 128
37 36 1 128
37 34 1 128
37 30 1 128
37 12 1 128
37 8 1 128
37 18 1 128
37 33 1 128
37 14 1 128
37 0 1 128
37 3 1 128
37 10 1 128
37 25 1 128
37 5 1 128
37 4 1 128
37 15 1 128
37 13 1 128
37 9 1 128
37 19 1 128
37 11 1 128
37 6 1 128
37 7 1 128
37 17 1 128
37 31 1 128
37 16 1 128
37 32 1 128
36 34 1 128
36 30 1 128
36 12 1 128
36 8 1 128
36 2 1 128
36 24 1 128
36 18 1 128
36 28 1 128
36 33 1 128
36 14 1 128
36 22 1 128
36 0 1 128
36 23 1 128
36 3 1 128
36 29 1 128
36 10 1 128
36 25 1 128
36 5 1 128
36 1 1 128
36 4 1 128
36 21 1 128
36 15 1 128
36 13 1 128
36 9 1 128
36 19 1 128
36 11 1 128
36 6 1 128
36 7 1 128
36 17 1 128
36 31 1 128
36 16 1 128
36 27 1 128
36 32 1 128
34 30 1 128
34 12 1 128
34 8 1 128
34 18 1 128
34 28 1 128
34 33 1 128
34 14 1 128
34 0 1 128
34 23 1 128
34 29 1 128
34 10 1 128
34 25 1 128
34 5 1 128
34 4 1 128
34 15 1 128
34 13 1 128
34 9 1 128
34 19 1 128
34 11 1 128
34 7 1 128
34 17 1 128
34 31 1 128
34 16 1 128
34 32 1 128
30 24 1 128
30 18 1 128
30 28 1 128
30 33 1 128
30 14 1 128
30 22 1 128
30 23 1 128
30 29 1 128
30 10 1 128
30 25 1 128
30 21 1 128
30 15 1 128
30 13 1 128
30 19 1 128
30 17 1 128
30 31 1 128
30 16 1 128
30 27 1 128
30 32 1 128
12 8 1 128
12 33 1 128
12 14 1 128
12 0 1 128
12 3 1 128
12 10 1 128
12 5 1 128
12 4 1 128
12 13 1 128
12 9 1 128
12 19 1 128
12 11 1 128
12 6 1 128
12 7 1 128
12 17 1 128
8 24 1 128
8 18 1 128
8 33 1 128
8 14 1 128
8 0 1 128
8 23 1 128
8 3 1 128
8 10 1 128
8 5 1 128
8 1 1 128
8 4 1 128
8 15 1 128
8 13 1 128
8 9 1 128
8 19 1 128
8 11 1 128
8 6 1 128
8 7 1 128
8 17 1 128
8 16 1 128
20 24 1 128
20 18 1 128
20 22 1 128
20 23 1 128
20 21 1 128
20 19 1 128
20 17 1 128
26 24 1 128
26 18 1 128
26 28 1 128
26 33 1 128
26 29 1 128
26 25 1 128
26 31 1 128
26 27 1 128
2 0 1 128
2 3 1 128
2 6 1 128
2 7 1 128
24 18 1 128
24 28 1 128
24 33 1 128
24 22 1 128
24 23 1 128
24 29 1 128
24 25 1 128
24 21 1 128
24 15 1 128
24 9 1 128
24 19 1 128
24 17 1 128
24 31 1 128
24 16 1 128
24 27 1 128
24 32 1 128
18 28 1 128
18 33 1 128
18 14 1 128
18 22 1 128
18 23 1 128
18 29 1 128
18 10 1 128
18 25 1 128
18 5 1 128
18 4 1 128
18 21 1 128
18 15 1 128
18 13 1 128
18 9 1 128
18 19 1 128
18 6 1 128
18 17 1 128
18 31 1 128
18 16 1 128
18 27 1 128
18 32 1 128
28 33 1 128
28 22 1 128
28 23 1 128
28 29 1 128
28 25 1 128
28 21 1 128
28 19 1 128
28 17 1 128
28 31 1 128
28 27 1 128
28 32 1 128
33 14 1 128
33 22 1 128
33 0 1 128
33 23 1 128
33 3 1 128
33 29 1 128
33 10 1 128
33 25 1 128
33 5 1 128
33 1 1 128
33 4 1 128
33 21 1 128
33 15 1 128
33 13 1 128
33 9 1 128
33 19 1 128
33 11 1 128
33 6 1 128
33 7 1 128
33 17 1 128
33 31 1 128
33 16 1 128
33 27 1 128
33 32 1 128
14 22 1 128
14 23 1 128
14 10 1 128
14 25 1 128
14 5 1 128
14 21 1 128
14 15 1 128
14 13 1 128
14 9 1 128
14 19 1 128
14 11 1 128
14 7 1 128
14 17 1 128
14 31 1 128
14 16 1 128
14 32 1 128
22 23 1 128
22 29 1 128
22 25 1 128
22 21 1 128
22 9 1 128
22 19 1 128
22 17 1 128
22 31 1 128
22 16 1 128
22 32 1 128
0 3 1 128
0 10 1 128
0 5 1 128
0 1 1 128
0 4 1 128
0 13 1 128
0 9 1 128
0 19 1 128
0 11 1 128
0 6 1 128
0 7 1 128
0 17 1 128
0 16 1 128
23 29 1 128
23 25 1 128
23 5 1 128
23 4 1 128
23 21 1 128
23 15 1 128
23 9 1 128
23 19 1 128
23 6 1 128
23 17 1 128
23 31 1 128
23 16 1 128
23 32 1 128
3 10 1 128
3 5 1 128
3 1 1 128
3 4 1 128
3 13 1 128
3 9 1 128
3 11 1 128
3 6 1 128
3 7 1 128
3 17 1 128
29 25 1 128
29 21 1 128
29 19 1 128
29 17 1 128
29 31 1 128
29 16 1 128
29 27 1 128
29 32 1 128
10 5 1 128
10 4 1 128
10 15 1 128
10 13 1 128
10 9 1 128
10 19 1 128
10 11 1 128
10 6 1 128
10 7 1 128
10 17 1 128
10 31 1 128
10 16 1 128
25 21 1 128
25 19 1 128
25 17 1 128
25 31 1 128
25 16 1 128
5 1 1 128
5 4 1 128
5 15 1 128
5 13 1 128
5 9 1 128
5 19 1 128
5 11 1 128
5 6 1 128
5 7 1 128
5 17 1 128
5 16 1 128
1 4 1 128
1 6 1 128
1 7 1 128
1 17 1 128
4 15 1 128
4 13 1 128
4 9 1 128
4 19 1 128
4 11 1 128
4 6 1 128
4 7 1 128
4 17 1 128
4 16 1 128
21 9 1 128
21 19 1 128
21 17 1 128
21 31 1 128
21 16 1 128
21 32 1 128
15 13 1 128
15 9 1 128
15 19 1 128
15 11 1 128
15 6 1 128
15 7 1 128
15 17 1 128
15 16 1 128
13 9 1 128
13 19 1 128
13 11 1 128
13 6 1 128
13 7 1 128
13 17 1 128
13 16 1 128
9 19 1 128
9 11 1 128
9 6 1 128
9 7 1 128
9 17 1 128
9 16 1 128
19 11 1 128
19 6 1 128
19 7 1 128
19 17 1 128
19 31 1 128
19 16 1 128
19 32 1 128
11 6 1 128
11 7 1 128
11 17 1 128
6 7 1 128
6 17 1 128
6 16 1 128
7 17 1 128
7 16 1 128
17 31 1 128
17 16 1 128
17 32 1 128
31 16 1 128
31 27 1 128
31 32 1 128
16 32 1 128
