83 1130
79 81 1 16
79 76 1 16
79 80 1 16
79 78 1 16
79 77 1 16
79 75 1 16
79 53 1 16
79 49 1 16
79 74 1 16
79 55 1 16
79 41 1 16
79 44 1 16
79 46 1 16
79 45 1 16
79 54 1 16
79 52 1 16
79 47 1 16
79 48 1 16
79 82 1 16
79 38 1 16
79 40 1 16
79 35 1 16
79 39 1 16
79 37 1 16
79 36 1 16
79 34 1 16
79 13 1 16
79 11 1 16
81 76 1 16
81 80 1 16
81 78 1 16
81 77 1 16
81 75 1 16
81 71 1 16
81 49 1 16
81 67 1 16
81 65 1 16
81 59 1 16
81 69 1 16
81 74 1 16
81 63 1 16
81 41 1 16
81 64 1 16
81 44 1 16
81 70 1 16
81 66 1 16
81 50 1 16
81 58 1 16
81 72 1 16
81 57 1 16
81 68 1 16
81 73 1 16
81 82 1 16
81 38 1 16
76 80 1 16
76 78 1 16
76 77 1 16
76 75 1 16
76 53 1 16
76 49 1 16
76 43 1 16
76 59 1 16
76 74 1 16
76 55 1 16
76 41 1 16
76 44 1 16
76 51 1 16
76 46 1 16
76 42 1 16
76 45 1 16
76 56 1 16
76 54 1 16
76 50 1 16
76 60 1 16
76 52 1 16
76 47 1 16
76 48 1 16
76 58 1 16
76 72 1 16
76 57 1 16
76 73 1 16
76 82 1 16
76 38 1 16
76 35 1 16
76 39 1 16
76 37 1 16
76 36 1 16
76 34 1 16
76 12 1 16
76 8 1 16
76 33 1 16
76 14 1 16
76 0 1 16
76 5 1 16
76 4 1 16
76 13 1 16
76 11 1 16
76 6 1 16
76 16 1 16
80 78 1 16
80 77 1 16
80 75 1 16
80 71 1 16
80 53 1 16
80 49 1 16
80 61 1 16
80 67 1 16
80 65 1 16
80 59 1 16
80 69 1 16
80 74 1 16
80 55 1 16
80 63 1 16
80 41 1 16
80 64 1 16
80 44 1 16
80 70 1 16
80 66 1 16
80 46 1 16
80 45 1 16
80 62 1 16
80 56 1 16
80 54 1 16
80 50 1 16
80 60 1 16
80 52 1 16
80 47 1 16
80 58 1 16
80 72 1 16
80 57 1 16
80 68 1 16
80 73 1 16
80 82 1 16
80 38 1 16
80 35 1 16
80 39 1 16
80 37 1 16
80 34 1 16
80 14 1 16
80 16 1 16
78 77 1 16
78 75 1 16
78 71 1 16
78 53 1 16
78 49 1 16
78 59 1 16
78 74 1 16
78 55 1 16
78 41 1 16
78 44 1 16
78 51 1 16
78 46 1 16
78 45 1 16
78 56 1 16
78 54 1 16
78 50 1 16
78 60 1 16
78 52 1 16
78 47 1 16
78 48 1 16
78 58 1 16
78 72 1 16
78 57 1 16
78 73 1 16
78 82 1 16
78 38 1 16
78 40 1 16
78 35 1 16
78 39 1 16
78 37 1 16
78 36 1 16
78 34 1 16
77 75 1 16
77 71 1 16
77 53 1 16
77 49 1 16
77 67 1 16
77 43 1 16
77 65 1 16
77 59 1 16
77 69 1 16
77 74 1 16
77 55 1 16
77 63 1 16
77 41 1 16
77 64 1 16
77 44 1 16
77 70 1 16
77 51 1 16
77 66 1 16
77 46 1 16
77 42 1 16
77 45 1 16
77 62 1 16
77 56 1 16
77 54 1 16
77 50 1 16
77 60 1 16
77 52 1 16
77 47 1 16
77 48 1 16
77 58 1 16
77 72 1 16
77 57 1 16
77 68 1 16
77 73 1 16
77 82 1 16
77 35 1 16
77 36 1 16
77 34 1 16
77 12 1 16
77 11 1 16
75 71 1 16
75 53 1 16
75 49 1 16
75 65 1 16
75 59 1 16
75 69 1 16
75 74 1 16
75 55 1 16
75 63 1 16
75 41 1 16
75 64 1 16
75 44 1 16
75 70 1 16
75 51 1 16
75 66 1 16
75 46 1 16
75 45 1 16
75 62 1 16
75 56 1 16
75 54 1 16
75 50 1 16
75 60 1 16
75 52 1 16
75 47 1 16
75 48 1 16
75 58 1 16
75 72 1 16
75 57 1 16
75 73 1 16
75 82 1 16
75 38 1 16
75 40 1 16
75 35 1 16
75 39 1 16
75 37 1 16
75 36 1 16
75 34 1 16
75 12 1 16
75 33 1 16
75 14 1 16
75 13 1 16
75 16 1 16
71 49 1 16
71 67 1 16
71 65 1 16
71 59 1 16
71 69 1 16
71 74 1 16
71 55 1 16
71 63 1 16
71 64 1 16
71 70 1 16
71 66 1 16
71 62 1 16
71 50 1 16
71 60 1 16
71 58 1 16
71 72 1 16
71 57 1 16
71 68 1 16
71 73 1 16
53 49 1 16
53 74 1 16
53 55 1 16
53 41 1 16
53 44 1 16
53 51 1 16
53 46 1 16
53 45 1 16
53 56 1 16
53 54 1 16
53 50 1 16
53 60 1 16
53 52 1 16
53 47 1 16
53 48 1 16
53 58 1 16
53 57 1 16
53 35 1 16
53 12 1 16
53 11 1 16
49 65 1 16
49 59 1 16
49 74 1 16
49 55 1 16
49 63 1 16
49 41 1 16
49 64 1 16
49 44 1 16
49 51 1 16
49 66 1 16
49 46 1 16
49 42 1 16
49 45 1 16
49 62 1 16
49 56 1 16
49 54 1 16
49 50 1 16
49 60 1 16
49 52 1 16
49 47 1 16
49 48 1 16
49 58 1 16
49 72 1 16
49 57 1 16
49 35 1 16
49 12 1 16
61 65 1 16
61 59 1 16
61 55 1 16
61 63 1 16
61 64 1 16
61 62 1 16
61 60 1 16
61 58 1 16
67 65 1 16
67 59 1 16
67 69 1 16
67 74 1 16
67 63 1 16
67 70 1 16
67 66 1 16
67 72 1 16
67 68 1 16
43 41 1 16
43 44 1 16
43 45 1 16
43 52 1 16
43 47 1 16
43 48 1 16
65 59 1 16
65 69 1 16
65 74 1 16
65 55 1 16
65 63 1 16
65 64 1 16
65 70 1 16
65 66 1 16
65 62 1 16
65 56 1 16
65 50 1 16
65 60 1 16
65 58 1 16
65 72 1 16
65 57 1 16
65 68 1 16
65 73 1 16
59 69 1 16
59 74 1 16
59 55 1 16
59 63 1 16
59 64 1 16
59 70 1 16
59 51 1 16
59 66 1 16
59 46 1 16
59 62 1 16
59 56 1 16
59 54 1 16
59 50 1 16
59 60 1 16
59 47 1 16
59 58 1 16
59 72 1 16
59 57 1 16
59 68 1 16
59 73 1 16
69 74 1 16
69 55 1 16
69 63 1 16
69 64 1 16
69 70 1 16
69 66 1 16
69 62 1 16
69 60 1 16
69 58 1 16
69 72 1 16
69 57 1 16
69 68 1 16
69 73 1 16
74 55 1 16
74 63 1 16
74 41 1 16
74 64 1 16
74 44 1 16
74 70 1 16
74 51 1 16
74 66 1 16
74 46 1 16
74 42 1 16
74 45 1 16
74 62 1 16
74 56 1 16
74 54 1 16
74 50 1 16
74 60 1 16
74 52 1 16
74 47 1 16
74 48 1 16
74 58 1 16
74 72 1 16
74 57 1 16
74 68 1 16
74 73 1 16
74 82 1 16
74 35 1 16
74 39 1 16
74 34 1 16
74 11 1 16
55 63 1 16
55 41 1 16
55 64 1 16
55 44 1 16
55 51 1 16
55 66 1 16
55 46 1 16
55 45 1 16
55 62 1 16
55 56 1 16
55 54 1 16
55 50 1 16
55 60 1 16
55 52 1 16
55 48 1 16
55 58 1 16
55 72 1 16
55 57 1 16
55 82 1 16
55 35 1 16
55 39 1 16
55 34 1 16
55 33 1 16
55 14 1 16
55 16 1 16
63 64 1 16
63 70 1 16
63 66 1 16
63 62 1 16
63 56 1 16
63 50 1 16
63 60 1 16
63 58 1 16
63 72 1 16
63 57 1 16
63 68 1 16
63 73 1 16
41 44 1 16
41 51 1 16
41 46 1 16
41 42 1 16
41 45 1 16
41 56 1 16
41 54 1 16
41 50 1 16
41 60 1 16
41 52 1 16
41 47 1 16
41 48 1 16
41 58 1 16
41 72 1 16
41 57 1 16
41 35 1 16
41 11 1 16
64 70 1 16
64 66 1 16
64 46 1 16
64 45 1 16
64 62 1 16
64 56 1 16
64 50 1 16
64 60 1 16
64 47 1 16
64 58 1 16
64 72 1 16
64 57 1 16
64 73 1 16
44 51 1 16
44 46 1 16
44 42 1 16
44 45 1 16
44 54 1 16
44 50 1 16
44 60 1 16
44 52 1 16
44 47 1 16
44 48 1 16
44 58 1 16
44 82 1 16
44 38 1 16
44 34 1 16
70 66 1 16
70 62 1 16
70 60 1 16
70 72 1 16
70 68 1 16
70 73 1 16
51 46 1 16
51 56 1 16
51 54 1 16
51 50 1 16
51 60 1 16
51 52 1 16
51 47 1 16
51 48 1 16
51 58 1 16
51 57 1 16
66 62 1 16
66 56 1 16
66 50 1 16
66 60 1 16
66 58 1 16
66 72 1 16
66 57 1 16
66 68 1 16
66 82 1 16
46 42 1 16
46 45 1 16
46 56 1 16
46 54 1 16
46 50 1 16
46 60 1 16
46 52 1 16
46 47 1 16
46 48 1 16
46 58 1 16
46 72 1 16
46 57 1 16
46 73 1 16
46 35 1 16
42 45 1 16
42 50 1 16
42 52 1 16
42 47 1 16
42 48 1 16
42 58 1 16
42 57 1 16
45 56 1 16
45 50 1 16
45 60 1 16
45 52 1 16
45 47 1 16
45 48 1 16
45 58 1 16
45 72 1 16
45 57 1 16
45 35 1 16
62 56 1 16
62 50 1 16
62 60 1 16
62 58 1 16
62 72 1 16
62 57 1 16
62 73 1 16
56 54 1 16
56 50 1 16
56 60 1 16
56 47 1 16
56 48 1 16
56 58 1 16
56 72 1 16
56 57 1 16
56 73 1 16
54 50 1 16
54 60 1 16
54 52 1 16
54 47 1 16
54 48 1 16
54 58 1 16
54 72 1 16
54 57 1 16
54 38 1 16
54 35 1 16
54 34 1 16
54 12 1 16
54 14 1 16
54 13 1 16
54 11 1 16
50 60 1 16
50 52 1 16
50 47 1 16
50 48 1 16
50 58 1 16
50 72 1 16
50 57 1 16
50 73 1 16
60 52 1 16
60 47 1 16
60 48 1 16
60 58 1 16
60 72 1 16
60 57 1 16
60 73 1 16
52 47 1 16
52 48 1 16
52 58 1 16
52 38 1 16
52 35 1 16
52 36 1 16
52 12 1 16
52 11 1 16
47 48 1 16
47 58 1 16
47 72 1 16
47 57 1 16
47 35 1 16
48 58 1 16
48 57 1 16
58 72 1 16
58 57 1 16
58 73 1 16
72 57 1 16
72 68 1 16
72 73 1 16
72 82 1 16
57 73 1 16
68 73 1 16
73 82 1 16
82 38 1 16
82 40 1 16
82 35 1 16
82 39 1 16
82 37 1 16
82 36 1 16
82 34 1 16
82 33 1 16
82 31 1 16
82 16 1 16
82 32 1 16
38 40 1 16
38 35 1 16
38 39 1 16
38 37 1 16
38 36 1 16
38 34 1 16
38 12 1 16
38 33 1 16
38 14 1 16
38 0 1 16
38 3 1 16
38 25 1 16
38 4 1 16
38 13 1 16
38 11 1 16
38 6 1 16
38 7 1 16
40 35 1 16
40 39 1 16
40 37 1 16
40 36 1 16
40 34 1 16
40 30 1 16
40 8 1 16
40 26 1 16
40 24 1 16
40 18 1 16
40 28 1 16
40 33 1 16
40 22 1 16
40 0 1 16
40 23 1 16
40 29 1 16
40 25 1 16
40 5 1 16
40 15 1 16
40 13 1 16
40 9 1 16
40 31 1 16
40 16 1 16
40 27 1 16
40 32 1 16
35 39 1 16
35 37 1 16
35 36 1 16
35 34 1 16
35 30 1 16
35 12 1 16
35 8 1 16
35 2 1 16
35 18 1 16
35 33 1 16
35 14 1 16
35 0 1 16
35 3 1 16
35 10 1 16
35 25 1 16
35 5 1 16
35 1 1 16
35 4 1 16
35 15 1 16
35 13 1 16
35 9 1 16
35 19 1 16
35 11 1 16
35 6 1 16
35 7 1 16
35 17 1 16
35 31 1 16
35 16 1 16
35 32 1 16
39 37 1 16
39 36 1 16
39 34 1 16
39 30 1 16
39 12 1 16
39 8 1 16
39 26 1 16
39 24 1 16
39 18 1 16
39 28 1 16
39 33 1 16
39 14 1 16
39 22 1 16
39 23 1 16
39 3 1 16
39 29 1 16
39 10 1 16
39 25 1 16
39 5 1 16
39 4 1 16
39 21 1 16
39 15 1 16
39 13 1 16
39 9 1 16
39 19 1 16
39 11 1 16
39 7 1 16
39 17 1 16
39 31 1 16
39 16 1 16
39 27 1 16
39 32 1 16
37 36 1 16
37 34 1 16
37 30 1 16
37 12 1 16
37 8 1 16
37 18 1 16
37 33 1 16
37 14 1 16
37 0 1 16
37 3 1 16
37 10 1 16
37 25 1 16
37 5 1 16
37 4 1 16
37 15 1 16
37 13 1 16
37 9 1 16
37 19 1 16
37 11 1 16
37 6 1 16
37 7 1 16
37 17 1 16
37 31 1 16
37 16 1 16
37 32 1 16
36 34 1 16
36 30 1 16
36 12 1 16
36 8 1 16
36 2 1 16
36 24 1 16
36 18 1 16
36 28 1 16
36 33 1 16
36 14 1 16
36 22 1 16
36 0 1 16
36 23 1 16
36 3 1 16
36 29 1 16
36 10 1 16
36 25 1 16
36 5 1 16
36 1 1 16
36 4 1 16
36 21 1 16
36 15 1 16
36 13 1 16
36 9 1 16
36 19 1 16
36 11 1 16
36 6 1 16
36 7 1 16
36 17 1 16
36 31 1 16
36 16 1 16
36 27 1 16
36 32 1 16
34 30 1 16
34 12 1 16
34 8 1 16
34 18 1 16
34 28 1 16
34 33 1 16
34 14 1 16
34 0 1 16
34 23 1 16
34 29 1 16
34 10 1 16
34 25 1 16
34 5 1 16
34 4 1 16
34 15 1 16
34 13 1 16
34 9 1 16
34 19 1 16
34 11 1 16
34 7 1 16
34 17 1 16
34 31 1 16
34 16 1 16
34 32 1 16
30 24 1 16
30 18 1 16
30 28 1 16
30 33 1 16
30 14 1 16
30 22 1 16
30 23 1 16
30 29 1 16
30 10 1 16
30 25 1 16
30 21 1 16
30 15 1 16
30 13 1 16
30 19 1 16
30 17 1 16
30 31 1 16
30 16 1 16
30 27 1 16
30 32 1 16
12 8 1 16
12 33 1 16
12 14 1 16
12 0 1 16
12 3 1 16
12 10 1 16
12 5 1 16
12 4 1 16
12 13 1 16
12 9 1 16
12 19 1 16
12 11 1 16
12 6 1 16
12 7 1 16
12 17 1 16
8 24 1 16
8 18 1 16
8 33 1 16
8 14 1 16
8 0 1 16
8 23 1 16
8 3 1 16
8 10 1 16
8 5 1 16
8 1 1 16
8 4 1 16
8 15 1 16
8 13 1 16
8 9 1 16
8 19 1 16
8 11 1 16
8 6 1 16
8 7 1 16
8 17 1 16
8 16 1 16
20 24 1 16
20 18 1 16
20 22 1 16
20 23 1 16
20 21 1 16
20 19 1 16
20 17 1 16
26 24 1 16
26 18 1 16
26 28 1 16
26 33 1 16
26 29 1 16
26 25 1 16
26 31 1 16
26 27 1 16
2 0 1 16
2 3 1 16
2 6 1 16
2 7 1 16
24 18 1 16
24 28 1 16
24 33 1 16
24 22 1 16
24 23 1 16
24 29 1 16
24 25 1 16
24 21 1 16
24 15 1 16
24 9 1 16
24 19 1 16
24 17 1 16
24 31 1 16
24 16 1 16
24 27 1 16
24 32 1 16
18 28 1 16
18 33 1 16
18 14 1 16
18 22 1 16
18 23 1 16
18 29 1 16
18 10 1 16
18 25 1 16
18 5 1 16
18 4 1 16
18 21 1 16
18 15 1 16
18 13 1 16
18 9 1 16
18 19 1 16
18 6 1 16
18 17 1 16
18 31 1 16
18 16 1 16
18 27 1 16
18 32 1 16
28 33 1 16
28 22 1 16
28 23 1 16
28 29 1 16
28 25 1 16
28 21 1 16
28 19 1 16
28 17 1 16
28 31 1 16
28 27 1 16
28 32 1 16
33 14 1 16
33 22 1 16
33 0 1 16
33 23 1 16
33 3 1 16
33 29 1 16
33 10 1 16
33 25 1 16
33 5 1 16
33 1 1 16
33 4 1 16
33 21 1 16
33 15 1 16
33 13 1 16
33 9 1 16
33 19 1 16
33 11 1 16
33 6 1 16
33 7 1 16
33 17 1 16
33 31 1 16
33 16 1 16
33 27 1 16
33 32 1 16
14 22 1 16
14 23 1 16
14 10 1 16
14 25 1 16
14 5 1 16
14 21 1 16
14 15 1 16
14 13 1 16
14 9 1 16
14 19 1 16
14 11 1 16
14 7 1 16
14 17 1 16
14 31 1 16
14 16 1 16
14 32 1 16
22 23 1 16
22 29 1 16
22 25 1 16
22 21 1 16
22 9 1 16
22 19 1 16
22 17 1 16
22 31 1 16
22 16 1 16
22 32 1 16
0 3 1 16
0 10 1 16
0 5 1 16
0 1 1 16
0 4 1 16
0 13 1 16
0 9 1 16
0 19 1 16
0 11 1 16
0 6 1 16
0 7 1 16
0 17 1 16
0 16 1 16
23 29 1 16
23 25 1 16
23 5 1 16
23 4 1 16
23 21 1 16
23 15 1 16
23 9 1 16
23 19 1 16
23 6 1 16
23 17 1 16
23 31 1 16
23 16 1 16
23 32 1 16
3 10 1 16
3 5 1 16
3 1 1 16
3 4 1 16
3 13 1 16
3 9 1 16
3 11 1 16
3 6 1 16
3 7 1 16
3 17 1 16
29 25 1 16
29 21 1 16
29 19 1 16
29 17 1 16
29 31 1 16
29 16 1 16
29 27 1 16
29 32 1 16
10 5 1 16
10 4 1 16
10 15 1 16
10 13 1 16
10 9 1 16
10 19 1 16
10 11 1 16
10 6 1 16
10 7 1 16
10 17 1 16
10 31 1 16
10 16 1 16
25 21 1 16
25 19 1 16
25 17 1 16
25 31 1 16
25 16 1 16
5 1 1 16
5 4 1 16
5 15 1 16
5 13 1 16
5 9 1 16
5 19 1 16
5 11 1 16
5 6 1 16
5 7 1 16
5 17 1 16
5 16 1 16
1 4 1 16
1 6 1 16
1 7 1 16
1 17 1 16
4 15 1 16
4 13 1 16
4 9 1 16
4 19 1 16
4 11 1 16
4 6 1 16
4 7 1 16
4 17 1 16
4 16 1 16
21 9 1 16
21 19 1 16
21 17 1 16
21 31 1 16
21 16 1 16
21 32 1 16
15 13 1 16
15 9 1 16
15 19 1 16
15 11 1 16
15 6 1 16
15 7 1 16
15 17 1 16
15 16 1 16
13 9 1 16
13 19 1 16
13 11 1 16
13 6 1 16
13 7 1 16
13 17 1 16
13 16 1 16
9 19 1 16
9 11 1 16
9 6 1 16
9 7 1 16
9 17 1 16
9 16 1 16
19 11 1 16
19 6 1 16
19 7 1 16
19 17 1 16
19 31 1 16
19 16 1 16
19 32 1 16
11 6 1 16
11 7 1 16
11 17 1 16
6 7 1 16
6 17 1 16
6 16 1 16
7 17 1 16
7 16 1 16
17 31 1 16
17 16 1 16
17 32 1 16
31 16 1 16
31 27 1 16
31 32 1 16
16 32 1 16
