16 15
0 0
6.123233995736766e-17 1
0.4999999999999999 1.866025403784439
-0.4999999999999997 1.866025403784439
0.7165063509461096 1.991025403784439
0.4999999999999999 2.116025403784439
-0.4999999999999997 2.116025403784439
-0.7165063509461094 1.991025403784439
0.8276174620572208 1.991025403784439
0.7720619065016652 2.087250448649376
0.5555555555555555 2.212250448649376
0.4444444444444444 2.212250448649376
-0.4444444444444442 2.212250448649376
-0.5555555555555552 2.212250448649376
-0.772061906501665 2.087250448649376
-0.8276174620572205 1.991025403784439
0 1 1 100
1 2 1 100
1 3 1 100
2 4 0.25 100
2 5 0.25 100
3 6 0.25 100
3 7 0.25 100
4 8 0.1111111111111111 100
4 9 0.1111111111111111 100
5 10 0.1111111111111111 100
5 11 0.1111111111111111 100
6 12 0.1111111111111111 100
6 13 0.1111111111111111 100
7 14 0.1111111111111111 100
7 15 0.1111111111111111 100
