16 15
0 0
6.123233995736766e-17 1
0.3826834323650899 1.923879532511287
-0.3826834323650897 1.923879532511287
0.9914448613738105 2.717232872802522
0.5132096245851416 2.915324393885097
-0.5132096245851413 2.915324393885097
-0.9914448613738103 2.717232872802522
1.743284668852788 3.376578687902591
1.433733551592812 3.61410561433521
0.8346490898883033 3.862254523380202
0.4478064953549987 3.913183317123701
-0.4478064953549983 3.913183317123701
-0.8346490898883029 3.862254523380203
-1.433733551592811 3.61410561433521
-1.743284668852788 3.37657868790259
0 1 1 100
1 2 1 100
1 3 1 100
2 4 1 100
2 5 1 100
3 6 1 100
3 7 1 100
4 8 1 100
4 9 1 100
5 10 1 100
5 11 1 100
6 12 1 100
6 13 1 100
7 14 1 100
7 15 1 100
