16 15
0 0
6.123233995736766e-17 1
0.3826834323650899 1.923879532511287
-0.3826834323650897 1.923879532511287
0.5348737896172701 2.122217867584096
0.4153149804201028 2.171740747854739
-0.4153149804201026 2.171740747854739
-0.5348737896172698 2.122217867584096
0.6184115460038231 2.195478513706326
0.5840169774193813 2.221870394421061
0.4510304765648986 2.276955206687529
0.4080479660611981 2.282613961547917
-0.4080479660611978 2.282613961547917
-0.4510304765648983 2.276955206687529
-0.5840169774193811 2.221870394421061
-0.6184115460038229 2.195478513706326
0 1 1 100
1 2 1 100
1 3 1 100
2 4 0.25 100
2 5 0.25 100
3 6 0.25 100
3 7 0.25 100
4 8 0.1111111111111111 100
4 9 0.1111111111111111 100
5 10 0.1111111111111111 100
5 11 0.1111111111111111 100
6 12 0.1111111111111111 100
6 13 0.1111111111111111 100
7 14 0.1111111111111111 100
7 15 0.1111111111111111 100
