16 15
0 0
6.123233995736766e-17 1
0.3826834323650899 1.923879532511287
-0.3826834323650897 1.923879532511287
0.6870641468694503 2.320556202656904
0.4479465284751157 2.419601963198192
-0.4479465284751155 2.419601963198192
-0.6870641468694501 2.320556202656904
0.9376774160291094 2.540338141023594
0.834493710275784 2.6195137831678
0.555093016909503 2.735245339696561
0.4261454853984014 2.752221604277727
-0.4261454853984011 2.752221604277727
-0.5550930169095026 2.735245339696561
-0.8344937102757838 2.6195137831678
-0.9376774160291093 2.540338141023594
0 1 1 100
1 2 1 100
1 3 1 100
2 4 0.5 100
2 5 0.5 100
3 6 0.5 100
3 7 0.5 100
4 8 0.3333333333333333 100
4 9 0.3333333333333333 100
5 10 0.3333333333333333 100
5 11 0.3333333333333333 100
6 12 0.3333333333333333 100
6 13 0.3333333333333333 100
7 14 0.3333333333333333 100
7 15 0.3333333333333333 100
