16 15
0 0
6.123233995736766e-17 1
0.4999999999999999 1.866025403784439
-0.4999999999999997 1.866025403784439
0.9330127018922192 2.116025403784439
0.5 2.366025403784439
-0.4999999999999997 2.366025403784439
-0.933012701892219 2.116025403784439
1.266346035225552 2.116025403784439
1.099679368558886 2.404700538379251
0.6666666666666666 2.654700538379251
0.3333333333333334 2.654700538379251
-0.333333333333333 2.654700538379251
-0.6666666666666663 2.654700538379251
-1.099679368558885 2.404700538379251
-1.266346035225552 2.116025403784439
0 1 1 100
1 2 1 100
1 3 1 100
2 4 0.5 100
2 5 0.5 100
3 6 0.5 100
3 7 0.5 100
4 8 0.3333333333333333 100
4 9 0.3333333333333333 100
5 10 0.3333333333333333 100
5 11 0.3333333333333333 100
6 12 0.3333333333333333 100
6 13 0.3333333333333333 100
7 14 0.3333333333333333 100
7 15 0.3333333333333333 100
