16 15
0 0
6.123233995736766e-17 1
0.7071067811865477 1.707106781186547
-0.7071067811865474 1.707106781186547
1.207106781186548 1.707106781186547
0.7071067811865477 2.207106781186547
-0.7071067811865474 2.207106781186547
-1.207106781186547 1.707106781186547
1.442809041582064 1.471404520791032
1.442809041582064 1.942809041582063
0.9428090415820636 2.442809041582063
0.4714045207910319 2.442809041582063
-0.4714045207910315 2.442809041582063
-0.9428090415820631 2.442809041582063
-1.442809041582063 1.942809041582063
-1.442809041582063 1.471404520791032
0 1 1 100
1 2 1 100
1 3 1 100
2 4 0.5 100
2 5 0.5 100
3 6 0.5 100
3 7 0.5 100
4 8 0.3333333333333333 100
4 9 0.3333333333333333 100
5 10 0.3333333333333333 100
5 11 0.3333333333333333 100
6 12 0.3333333333333333 100
6 13 0.3333333333333333 100
7 14 0.3333333333333333 100
7 15 0.3333333333333333 100
