16 15
0 0
6.123233995736766e-17 1
0.7071067811865477 1.707106781186547
-0.7071067811865474 1.707106781186547
0.9571067811865477 1.707106781186547
0.7071067811865477 1.957106781186547
-0.7071067811865474 1.957106781186547
-0.9571067811865474 1.707106781186547
1.035674201318386 1.628539361054709
1.035674201318386 1.785674201318386
0.7856742013183863 2.035674201318386
0.6285393610547091 2.035674201318386
-0.6285393610547088 2.035674201318386
-0.7856742013183859 2.035674201318386
-1.035674201318386 1.785674201318386
-1.035674201318386 1.628539361054709
0 1 1 100
1 2 1 100
1 3 1 100
2 4 0.25 100
2 5 0.25 100
3 6 0.25 100
3 7 0.25 100
4 8 0.1111111111111111 100
4 9 0.1111111111111111 100
5 10 0.1111111111111111 100
5 11 0.1111111111111111 100
6 12 0.1111111111111111 100
6 13 0.1111111111111111 100
7 14 0.1111111111111111 100
7 15 0.1111111111111111 100
